Realtime [sec],Sim Time [sec],MPC runtime,v0_dist [m],v0_lane [-],v0_spd [m/s],v1_acc [m/s2],v1_dist [m],v1_lane [-],v1_spd [m/s],v1_acc [m/s2],MachE_accCmd [m/s2]
0.0,0.0,0.0,0.0,0.0,0.0,0.0,0.0,0.0,0.0,0.0,0.0
0.0,0.0,0.0,0.0,0.0,0.0,0.0,0.0,0.0,0.0,0.0,0.0
0.12328384300053585,0.05,0.012868881225585938,20.0,0.0,0.0,0.0,0.006437465853539762,0.0,0.12874931707079523,2.5749863414159044,0.0
0.1373726900001202,0.1,0.009355545043945312,20.0,0.0,0.0,0.0,0.0,0.0,0.0,-2.5749863414159044,0.0
0.14752286299972184,0.15,0.011349201202392578,20.0,0.0,0.0,0.0,0.0,0.0,0.0,0.0,0.0
0.1592771260002337,0.2,0.010633468627929688,20.0,0.0,0.0,0.0,0.0,0.0,0.0,0.0,0.0
0.17095289900044008,0.25,0.018375873565673828,20.0,0.0,0.0,0.0,0.0,0.0,0.0,0.0,0.0
0.2214793599996483,0.3,0.020305395126342773,20.0,0.0,0.0,0.0,0.0,0.0,0.0,0.0,0.0
0.2749646849997589,0.35,0.019324541091918945,20.0,0.0,0.0,0.0,0.0,0.0,0.0,0.0,0.0
0.323862127999746,0.4,0.019005537033081055,20.0,0.0,0.0,0.0,0.0,0.0,0.0,0.0,0.0
0.3724464489996535,0.45,0.017703533172607422,20.0,0.0,0.0,0.0,0.0,0.0,0.0,0.0,0.0
0.4223455520004791,0.5,0.025292396545410156,20.0,0.0,0.0,0.0,0.0,0.0,0.0,0.0,0.0
0.48154085599981045,0.55,0.01713871955871582,20.0,0.0,0.0,0.0,0.0,0.0,0.0,0.0,0.0
0.5214170139997805,0.6,0.019187450408935547,20.0,0.0,0.0,0.0,0.0,0.0,0.0,0.0,0.0
0.5748435209998206,0.65,0.019738435745239258,20.0,0.0,0.0,0.0,0.0,0.0,0.0,0.0,0.0
0.6234832800000731,0.7,0.01594996452331543,20.0,0.0,0.0,0.0,0.0,0.0,0.0,0.0,0.0
0.6706956690004517,0.75,0.026490449905395508,20.0,0.0,0.0,0.0,0.0,0.0,0.0,0.0,0.0
0.7307405560004554,0.8,0.014365673065185547,20.0,0.0,0.0,0.0,0.0,0.0,0.0,0.0,0.0
0.768214677999822,0.85,0.011791706085205078,20.0,0.0,0.0,0.0,0.0,0.0,0.0,0.0,0.0
0.8164980090004974,0.9,0.013407230377197266,20.0,0.0,0.0,0.0,0.0,0.0,0.0,0.0,0.0
0.868970888000149,0.95,0.012742280960083008,20.0,0.0,0.0,0.0,0.0,0.0,0.0,0.0,0.0
0.9174931580000703,1.0,0.011316537857055664,20.0,0.0,0.0,0.0,0.0,0.0,0.0,0.0,0.0
0.9669382940001015,1.05,0.013120651245117188,20.0,0.0,0.0,0.0,0.0,0.0,0.0,0.0,0.0
1.0181364079999184,1.1,0.012778282165527344,20.0,0.0,0.0,0.0,0.0,0.0,0.0,0.0,0.0
1.1685798230000728,1.15,0.010214090347290039,20.0,0.0,0.0,0.0,0.0,0.0,0.0,0.0,0.0
1.1817331929996726,1.2,0.006242990493774414,20.0,0.0,0.0,0.0,0.0,0.0,0.0,0.0,0.0
1.1887100499998269,1.25,0.009969711303710938,20.0,0.0,0.0,0.0,0.0,0.0,0.0,0.0,0.0
1.213243916000465,1.3,0.0120391845703125,20.0,0.0,0.0,0.0,0.0,0.0,0.0,0.0,0.0
1.266517426000064,1.35,0.013788938522338867,20.0,0.0,0.0,0.0,0.0,0.0,0.0,0.0,0.0
1.317774565000036,1.4,0.013243913650512695,20.0,0.0,0.0,0.0,0.0,0.0,0.0,0.0,0.10435805469751358
1.369446163000248,1.45,0.012591838836669922,20.0,0.0,0.0,0.0,0.7044411350109473,0.0,0.004399765282869339,0.08799530565738678,0.10418848693370819
1.4171827580003082,1.5,0.010503053665161133,20.0,0.0,0.0,0.0,0.7044411350109473,0.0,0.004399765282869339,0.0,0.10437741130590439
1.4641904090003663,1.55,0.01115560531616211,20.0,0.0,0.0,0.0,0.7046563701055865,0.0,0.0034900973550975323,-0.018193358555436134,0.10401971638202667
1.5139440630000536,1.6,0.012964248657226562,20.0,0.0,0.0,0.0,0.7046563701055865,0.0,0.0034900973550975323,0.0,0.10361364483833313
1.5666015819997483,1.65,0.01168966293334961,20.0,0.0,0.0,0.0,0.7045884144674844,0.0,0.004133739974349737,0.012872852385044098,0.10436385869979858
1.6165121750000253,1.7,0.010881185531616211,20.0,0.0,0.0,0.0,0.7045884144674844,0.0,0.004133739974349737,0.0,0.10419966280460358
1.6642198059998918,1.75,0.012048006057739258,20.0,0.0,0.0,0.0,0.7045209771972116,0.0,0.004011496901512146,-0.0024448614567518234,0.10448729246854782
1.7167917970000417,1.8,0.012042999267578125,20.0,0.0,0.0,0.0,0.7045209771972116,0.0,0.004011496901512146,0.0,0.10402071475982666
1.7652368710005248,1.85,0.012547731399536133,20.0,0.0,0.0,0.0,0.70443981598412,0.0,0.003636371111497283,-0.00750251580029726,0.10397017002105713
1.8160861960004695,1.9,0.011694669723510742,20.0,0.0,0.0,0.0,0.70443981598412,0.0,0.003636371111497283,0.0,0.10428987443447113
1.867523443999744,1.95,0.012560844421386719,20.0,0.0,0.0,0.0,0.7043374814615679,0.0,0.0034991546999663115,-0.0027443282306194305,0.10403671860694885
1.9171328660004292,2.0,0.012608766555786133,20.0,0.0,0.0,0.0,0.7043374814615679,0.0,0.0034991546999663115,0.0,0.10446947067975998
1.967730620999646,2.05,0.013361692428588867,20.0,0.0,0.0,0.0,0.7042468268465105,0.0,0.003371896455064416,-0.0025451648980379105,0.10415438562631607
2.017178144999889,2.1,0.011187314987182617,20.0,0.0,0.0,0.0,0.7042468268465105,0.0,0.003371896455064416,0.0,0.10415773093700409
2.065658403999805,2.15,0.012840032577514648,20.0,0.0,0.0,0.0,0.7041332398270763,0.0,0.0030872535426169634,-0.005692858248949051,0.1040872260928154
2.218399252999916,2.2,0.007891178131103516,20.0,0.0,0.0,0.0,0.7041332398270763,0.0,0.0030872535426169634,0.0,0.10428556054830551
2.2271774000000732,2.25,0.00429534912109375,20.0,0.0,0.0,0.0,0.704053044408901,0.0,0.0027756462804973125,-0.006232145242393017,0.10435779392719269
2.2318327630000567,2.3,0.013122797012329102,20.0,0.0,0.0,0.0,0.704053044408901,0.0,0.0027756462804973125,0.0,0.1042608842253685
2.268086621999828,2.35,0.01170969009399414,20.0,0.0,0.0,0.0,0.7039395901457934,0.0,0.0029312623664736748,0.0031123217195272446,0.10365550965070724
2.31602688699968,2.4,0.011870145797729492,20.0,0.0,0.0,0.0,0.7039395901457934,0.0,0.0029312623664736748,0.0,0.10403262823820114
2.3645946420001565,2.45,0.012711763381958008,20.0,0.0,0.0,0.0,0.7038248524734094,0.0,0.0023706876672804356,-0.011211493983864784,0.10494168847799301
2.4184038470002633,2.5,0.012161016464233398,20.0,0.0,0.0,0.0,0.7038248524734094,0.0,0.0023706876672804356,0.0,0.10475482791662216
2.465272878000178,2.55,0.012911319732666016,20.0,0.0,0.0,0.0,0.7037105937246247,0.0,0.0013741558650508523,-0.019930636044591665,0.1045951321721077
2.517342885999824,2.6,0.01173257827758789,20.0,0.0,0.0,0.0,0.7037105937246247,0.0,0.0013741558650508523,0.0,0.10162707418203354
2.5655009150004844,2.65,0.013356685638427734,20.0,0.0,0.0,0.0,0.7036439915534614,0.0,0.00252169300802052,0.022950742859393358,0.10142261534929276
2.617229280000174,2.7,0.013289451599121094,20.0,0.0,0.0,0.0,0.7036439915534614,0.0,0.00252169300802052,0.0,0.0981789380311966
2.6698264030001155,2.75,0.010371923446655273,20.0,0.0,0.0,0.0,0.7038974360382644,0.0,0.009119517169892788,0.13195648323744535,0.09301746636629105
2.7137451230000806,2.8,0.014566898345947266,20.0,0.0,0.0,0.0,0.7038974360382644,0.0,0.009119517169892788,0.0,0.0892724022269249
2.771197062000283,2.85,0.010655403137207031,20.0,0.0,0.0,0.0,0.7053011522767769,0.0,0.024240007624030113,0.3024098090827465,0.08220478147268295
2.813193150999723,2.9,0.011509895324707031,20.0,0.0,0.0,0.0,0.7053011522767769,0.0,0.024240007624030113,0.0,0.08227003365755081
2.8644713960002264,2.95,0.011370658874511719,20.0,0.0,0.0,0.0,0.7090878781333511,0.0,0.05496619641780853,0.6145237758755684,0.08149416744709015
2.9159391069997582,3.0,0.012332677841186523,20.0,0.0,0.0,0.0,0.7090878781333511,0.0,0.05496619641780853,0.0,0.07661982625722885
2.966629022000234,3.05,0.01122283935546875,20.0,0.0,0.0,0.0,0.7158246397217067,0.0,0.08488394320011139,0.5983549356460571,0.07626798003911972
3.01585318799971,3.1,0.010671138763427734,20.0,0.0,0.0,0.0,0.7158246397217067,0.0,0.08488394320011139,0.0,0.07131986320018768
3.063847409000118,3.15,0.011516332626342773,20.0,0.0,0.0,0.0,0.7257318702384121,0.0,0.11823844164609909,0.667089968919754,0.07022352516651154
3.1151844870000787,3.2,0.012243986129760742,20.0,0.0,0.0,0.0,0.7257318702384121,0.0,0.11823844164609909,0.0,0.06652996689081192
3.2679564520003623,3.25,0.007737159729003906,20.0,0.0,0.0,0.0,0.73906662390404,0.0,0.1548434942960739,0.7321010529994965,0.06432102620601654
3.2771754129998953,3.3,0.008361577987670898,20.0,0.0,0.0,0.0,0.73906662390404,0.0,0.1548434942960739,0.0,0.06149198114871979
3.285893090999707,3.35,0.010434865951538086,20.0,0.0,0.0,0.0,0.7560640410201298,0.0,0.19163906574249268,0.7359114289283752,0.06283709406852722
3.3129374919999464,3.4,0.01288151741027832,20.0,0.0,0.0,0.0,0.7560640410201298,0.0,0.19163906574249268,0.0,0.0525297112762928
3.3681041219997496,3.45,0.010974884033203125,20.0,0.0,0.0,0.0,0.776791702504598,0.0,0.22855202853679657,0.7382592558860779,0.05403449758887291
3.414500210999904,3.5,0.012970924377441406,20.0,0.0,0.0,0.0,0.776791702504598,0.0,0.22855202853679657,0.0,0.0478338859975338
3.4691886809996504,3.55,0.010853052139282227,20.0,0.0,0.0,0.0,0.8016800567640883,0.0,0.2734133005142212,0.8972254395484924,0.04858733341097832
3.513902962999964,3.6,0.013412952423095703,20.0,0.0,0.0,0.0,0.8016800567640883,0.0,0.2734133005142212,0.0,0.04026542603969574
3.5685379090000424,3.65,0.009392976760864258,20.0,0.0,0.0,0.0,0.8306752070849132,0.0,0.31572502851486206,0.8462345600128174,0.03904835134744644
3.614905010000257,3.7,0.011957406997680664,20.0,0.0,0.0,0.0,0.8306752070849132,0.0,0.31572502851486206,0.0,0.03195406123995781
3.6649564110002757,3.75,0.014363765716552734,20.0,0.0,0.0,0.0,0.8641996997815095,0.0,0.3654513955116272,0.9945273399353027,0.03614594414830208
3.719430357999954,3.8,0.012803077697753906,20.0,0.0,0.0,0.0,0.8641996997815095,0.0,0.3654513955116272,0.0,0.021862491965293884
3.7670704570000453,3.85,0.012829780578613281,20.0,0.0,0.0,0.0,0.9026203723749233,0.0,0.4130936563014984,0.9528452157974243,0.026054535061120987
3.8175229830003445,3.9,0.01151728630065918,20.0,0.0,0.0,0.0,0.9026203723749233,0.0,0.4130936563014984,0.0,0.021933089941740036
3.8672378620003656,3.95,0.013331890106201172,20.0,0.0,0.0,0.0,0.9463036650003009,0.0,0.47117218375205994,1.1615705490112305,0.012191681191325188
3.9179062470002464,4.0,0.011964082717895508,20.0,0.0,0.0,0.0,0.9463036650003009,0.0,0.47117218375205994,0.0,0.008796573616564274
3.967688994999662,4.05,0.012326478958129883,20.0,0.0,0.0,0.0,0.9953372218537393,0.0,0.5256216526031494,1.0889893770217896,0.013171538710594177
4.016943569000432,4.1,0.020295143127441406,20.0,0.0,0.0,0.0,0.9953372218537393,0.0,0.5256216526031494,0.0,0.0045441132970154285
4.07550935099971,4.15,0.01696014404296875,20.0,0.0,0.0,0.0,1.04961429183636,0.0,0.5788143873214722,1.063854694366455,0.0029283100739121437
4.121513383000092,4.2,0.01720404624938965,20.0,0.0,0.0,0.0,1.04961429183636,0.0,0.5788143873214722,0.0,-0.009141342714428902
4.171596248000242,4.25,0.012577533721923828,20.0,0.0,0.0,0.0,1.1092467879426995,0.0,0.6294510364532471,1.012732982635498,-0.003646574914455414
4.31655223100006,4.3,0.008011341094970703,20.0,0.0,0.0,0.0,1.1092467879426995,0.0,0.6294510364532471,0.0,-0.011432159692049026
4.325134656000046,4.35,0.007451057434082031,20.0,0.0,0.0,0.0,1.1745691633922113,0.0,0.6914741396903992,1.240462064743042,-0.015192742459475994
4.332879241999763,4.4,0.010980367660522461,20.0,0.0,0.0,0.0,1.1745691633922113,0.0,0.6914741396903992,0.0,-0.01719856448471546
4.3636235769999985,4.45,0.018468618392944336,20.0,0.0,0.0,0.0,1.2455531075303146,0.0,0.7485424876213074,1.141366958618164,-0.02080436423420906
4.423758556000394,4.5,0.017230987548828125,20.0,0.0,0.0,0.0,1.2455531075303146,0.0,0.7485424876213074,0.0,-0.01866607926785946
4.471582598999703,4.55,0.015347957611083984,20.0,0.0,0.0,0.0,1.3218498279824933,0.0,0.7485424876213074,0.0,-0.025438623502850533
4.518265151000378,4.6,0.017810821533203125,20.0,0.0,0.0,0.0,1.3218498279824933,0.0,0.7995474934577942,1.0201001167297363,-0.03234834969043732
4.572375775000182,4.65,0.015355825424194336,20.0,0.0,0.0,0.0,1.4034079271508282,0.0,0.8509142994880676,1.0273361206054688,-0.03299654275178909
4.6173479580002095,4.7,0.016143083572387695,20.0,0.0,0.0,0.0,1.4034079271508282,0.0,0.8509142994880676,0.0,-0.03531232476234436
4.669200426999851,4.75,0.012241363525390625,20.0,0.0,0.0,0.0,1.4901479234399648,0.0,0.9043503999710083,1.0687220096588135,-0.02145688235759735
4.71493006000037,4.8,0.016097068786621094,20.0,0.0,0.0,0.0,1.4901479234399648,0.0,0.9043503999710083,0.0,-0.019445037469267845
4.770029170000271,4.85,0.016288042068481445,20.0,0.0,0.0,0.0,1.5808095298400988,0.0,0.9170459508895874,0.25391101837158203,-0.013941093347966671
4.821278807999988,4.9,0.010338783264160156,20.0,0.0,0.0,0.0,1.5808095298400988,0.0,0.9170459508895874,0.0,-0.010827140882611275
4.86322106300031,4.95,0.012806415557861328,20.0,0.0,0.0,0.0,1.6703873927733455,0.0,0.8957846760749817,-0.42522549629211426,-0.00977087952196598
4.914713987999676,5.0,0.011781692504882812,20.0,0.0,0.0,0.0,1.6703873927733455,0.0,0.8957846760749817,0.0,-0.013125145807862282
4.964521982000406,5.05,0.01875925064086914,20.0,0.0,0.0,0.0,1.7572509537059602,0.0,0.8658130168914795,-0.599433183670044,-0.010537651367485523
5.022993403000328,5.1,0.017028093338012695,20.0,0.0,0.0,0.0,1.7572509537059602,0.0,0.8658130168914795,0.0,-0.003174764569848776
5.071109894000074,5.15,0.015935897827148438,20.0,0.0,0.0,0.0,1.8419035139487738,0.0,0.8508256673812866,-0.2997469902038574,-0.008259148336946964
5.118879167000159,5.2,0.019043684005737305,20.0,0.0,0.0,0.0,1.8419035139487738,0.0,0.8508256673812866,0.0,-0.003900035982951522
5.173105523999766,5.25,0.015647172927856445,20.0,0.0,0.0,0.0,1.9245256385900091,0.0,0.8230890035629272,-0.5547332763671875,-0.0006664063548669219
5.219672066000385,5.3,0.016781330108642578,20.0,0.0,0.0,0.0,1.9245256385900091,0.0,0.8230890035629272,0.0,-0.009788654744625092
5.3731336299997565,5.35,0.007468700408935547,20.0,0.0,0.0,0.0,2.004267246777491,0.0,0.7931613922119141,-0.5985522270202637,-0.013309531845152378
5.3810867100000905,5.4,0.007584571838378906,20.0,0.0,0.0,0.0,2.004267246777491,0.0,0.7931613922119141,0.0,-0.01899147778749466
5.388986873999784,5.45,0.0072956085205078125,20.0,0.0,0.0,0.0,2.082871375799276,0.0,0.8026450276374817,0.18967270851135254,-0.02308822050690651
5.407810208999763,5.5,0.016115903854370117,20.0,0.0,0.0,0.0,2.082871375799276,0.0,0.8026450276374817,0.0,-0.028854046016931534
5.470782000999861,5.55,0.017125368118286133,20.0,0.0,0.0,0.0,2.1637436022113037,0.0,0.8369388580322266,0.6858766078948975,-0.028407905250787735
5.520252975999938,5.6,0.01586747169494629,20.0,0.0,0.0,0.0,2.1637436022113037,0.0,0.8369388580322266,0.0,-0.03353707864880562
5.571809040000517,5.65,0.015648365020751953,20.0,0.0,0.0,0.0,2.2482174212199943,0.0,0.8780533671379089,0.8222901821136475,-0.033387165516614914
5.620184495000103,5.7,0.01736140251159668,20.0,0.0,0.0,0.0,2.2482174212199943,0.0,0.8780533671379089,0.0,-0.03424715995788574
5.672924315999808,5.75,0.01579904556274414,20.0,0.0,0.0,0.0,2.336281539118077,0.0,0.9147933125495911,0.7347989082336426,-0.03880695626139641
5.720579253000324,5.8,0.016563892364501953,20.0,0.0,0.0,0.0,2.336281539118077,0.0,0.9147933125495911,0.0,-0.051663655787706375
5.769304280999677,5.85,0.01607799530029297,20.0,0.0,0.0,0.0,2.4278120948416286,0.0,0.9458094239234924,0.6203222274780273,-0.04164848476648331
5.8217255640001895,5.9,0.016466140747070312,20.0,0.0,0.0,0.0,2.4278120948416286,0.0,0.9458094239234924,0.0,-0.047890227288007736
5.870853772999908,5.95,0.017162799835205078,20.0,0.0,0.0,0.0,2.5231550231190063,0.0,0.9913058280944824,0.9099280834197998,-0.058587998151779175
5.922461709000345,6.0,0.016201019287109375,20.0,0.0,0.0,0.0,2.5231550231190063,0.0,0.9913058280944824,0.0,-0.06224061921238899
5.971542987000248,6.05,0.017432689666748047,20.0,0.0,0.0,0.0,2.6227749351811176,0.0,1.031232237815857,0.7985281944274902,-0.05359886959195137
6.021078144000057,6.1,0.017126083374023438,20.0,0.0,0.0,0.0,2.6227749351811176,0.0,1.031232237815857,0.0,-0.06203261390328407
6.072699639000348,6.15,0.01666402816772461,20.0,0.0,0.0,0.0,2.726397142292958,0.0,1.0743521451950073,0.8623981475830078,-0.06458048522472382
6.120879633999721,6.2,0.020730972290039062,20.0,0.0,0.0,0.0,2.726397142292958,0.0,1.0743521451950073,0.0,-0.06937406957149506
6.1762317230004555,6.25,0.017255067825317383,20.0,0.0,0.0,0.0,2.8339421157615847,0.0,1.1068916320800781,0.650789737701416,-0.06425164639949799
6.223350406999998,6.3,0.016693115234375,20.0,0.0,0.0,0.0,2.8339421157615847,0.0,1.1068916320800781,0.0,-0.07014785706996918
6.2714616290004415,6.35,0.02136087417602539,20.0,0.0,0.0,0.0,2.944663851279414,0.0,1.1378850936889648,0.6198692321777344,-0.07527178525924683
6.427586368999982,6.4,0.007891416549682617,20.0,0.0,0.0,0.0,2.944663851279414,0.0,1.1378850936889648,0.0,-0.07482573390007019
6.435991979999926,6.45,0.00768280029296875,20.0,0.0,0.0,0.0,3.0585531047673364,0.0,1.1709516048431396,0.6613302230834961,-0.07217484712600708
6.443977566000285,6.5,0.0073816776275634766,20.0,0.0,0.0,0.0,3.0585531047673364,0.0,1.1709516048431396,0.0,-0.08128858357667923
6.458439445000295,6.55,0.01671910285949707,20.0,0.0,0.0,0.0,3.175436182380878,0.0,1.202210545539856,0.6251788139343262,-0.07923849672079086
6.521241102999738,6.6,0.019574880599975586,20.0,0.0,0.0,0.0,3.175436182380878,0.0,1.202210545539856,0.0,-0.0791994035243988
6.5746356079998804,6.65,0.017937898635864258,20.0,0.0,0.0,0.0,3.2954590857601374,0.0,1.224826693534851,0.45232295989990234,-0.07644987106323242
6.622557900999709,6.7,0.01765751838684082,20.0,0.0,0.0,0.0,3.2954590857601374,0.0,1.224826693534851,0.0,-0.08133245259523392
6.6725932890003605,6.75,0.01749706268310547,20.0,0.0,0.0,0.0,3.417668035172132,0.0,1.2410359382629395,0.3241848945617676,-0.08183448016643524
6.7233554829999775,6.8,0.015301942825317383,20.0,0.0,0.0,0.0,3.417668035172132,0.0,1.2410359382629395,0.0,-0.08281754702329636
6.769112355999823,6.85,0.01677680015563965,20.0,0.0,0.0,0.0,3.5418634360425156,0.0,1.2570379972457886,0.3200411796569824,-0.08209894597530365
6.821136040000056,6.9,0.015774965286254883,20.0,0.0,0.0,0.0,3.5418634360425156,0.0,1.2570379972457886,0.0,-0.08711158484220505
6.871637727999769,6.95,0.01665472984313965,20.0,0.0,0.0,0.0,3.66745245219056,0.0,1.2716774940490723,0.29278993606567383,-0.0930568128824234
6.9211008610000135,7.0,0.017193317413330078,20.0,0.0,0.0,0.0,3.66745245219056,0.0,1.2716774940490723,0.0,-0.0925828143954277
6.972893643000134,7.05,0.016956567764282227,20.0,0.0,0.0,0.0,3.795093199997732,0.0,1.299208641052246,0.5506229400634766,-0.09005042165517807
7.021051800999885,7.1,0.016631126403808594,20.0,0.0,0.0,0.0,3.795093199997732,0.0,1.299208641052246,0.0,-0.09439428895711899
7.0720035040003495,7.15,0.017531871795654297,20.0,0.0,0.0,0.0,3.9250715067786275,0.0,1.3212655782699585,0.44113874435424805,-0.09364849328994751
7.123732093999934,7.2,0.019034624099731445,20.0,0.0,0.0,0.0,3.9250715067786275,0.0,1.3212655782699585,0.0,-0.09490547329187393
7.175069365999661,7.25,0.015356779098510742,20.0,0.0,0.0,0.0,4.056348452724056,0.0,1.3308707475662231,0.19210338592529297,-0.09577778726816177
7.22111896000024,7.3,0.015165567398071289,20.0,0.0,0.0,0.0,4.056348452724056,0.0,1.3308707475662231,0.0,-0.09581922739744186
7.267979701000513,7.35,0.016255855560302734,20.0,0.0,0.0,0.0,4.188826296798105,0.0,1.3443119525909424,0.26882410049438477,-0.09883875399827957
7.321100391000073,7.4,0.016694068908691406,20.0,0.0,0.0,0.0,4.188826296798105,0.0,1.3443119525909424,0.0,-0.0990683063864708
7.473168237999744,7.45,0.008156776428222656,20.0,0.0,0.0,0.0,4.322454764385976,0.0,1.3535268306732178,0.1842975616455078,-0.09799598902463913
7.481834637000247,7.5,0.007835626602172852,20.0,0.0,0.0,0.0,4.322454764385976,0.0,1.3535268306732178,0.0,-0.10032813996076584
7.489986976999717,7.55,0.008854150772094727,20.0,0.0,0.0,0.0,4.456952568380567,0.0,1.363066554069519,0.1907944679260254,-0.09602653980255127
7.5093053090004105,7.6,0.015979766845703125,20.0,0.0,0.0,0.0,4.456952568380567,0.0,1.363066554069519,0.0,-0.09699872136116028
7.570973779999804,7.65,0.017955541610717773,20.0,0.0,0.0,0.0,4.592719801321175,0.0,1.3708499670028687,0.1556682586669922,-0.09738577902317047
7.621345055000347,7.7,0.015689611434936523,20.0,0.0,0.0,0.0,4.592719801321175,0.0,1.3708499670028687,0.0,-0.09393478184938431
7.671662302000186,7.75,0.01573657989501953,20.0,0.0,0.0,0.0,4.729166630970115,0.0,1.372416615486145,0.031332969665527344,-0.09560108929872513
7.720347743000275,7.8,0.02162790298461914,20.0,0.0,0.0,0.0,4.729166630970115,0.0,1.372416615486145,0.0,-0.09122716635465622
7.776662987000236,7.85,0.016478538513183594,20.0,0.0,0.0,0.0,4.863742869816164,0.0,1.3463029861450195,-0.5222725868225098,-0.09362952411174774
7.8213480670001445,7.9,0.013488531112670898,20.0,0.0,0.0,0.0,4.863742869816164,0.0,1.3463029861450195,0.0,-0.0960434302687645
7.866822584999682,7.95,0.017739057540893555,20.0,0.0,0.0,0.0,4.996516581527518,0.0,1.3371076583862305,-0.18390655517578125,-0.09578464180231094
7.922412373000043,8.0,0.016313552856445312,20.0,0.0,0.0,0.0,4.996516581527518,0.0,1.3371076583862305,0.0,-0.09675570577383041
7.969222415999866,8.05,0.016432762145996094,20.0,0.0,0.0,0.0,5.129375010319867,0.0,1.3412494659423828,0.08283615112304688,-0.10564113408327103
8.021100875999764,8.1,0.01486349105834961,20.0,0.0,0.0,0.0,5.129375010319867,0.0,1.3412494659423828,0.0,-0.10137700289487839
8.069408483000188,8.15,0.016471147537231445,20.0,0.0,0.0,0.0,5.262942379089747,0.0,1.3584991693496704,0.34499406814575195,-0.09276227653026581
8.121375138000076,8.2,0.016936302185058594,20.0,0.0,0.0,0.0,5.262942379089747,0.0,1.3584991693496704,0.0,-0.09695790708065033
8.172313013999883,8.25,0.018963336944580078,20.0,0.0,0.0,0.0,5.39665335488173,0.0,1.341039776802063,-0.34918785095214844,-0.10123927891254425
8.224471253000047,8.3,0.018628597259521484,20.0,0.0,0.0,0.0,5.39665335488173,0.0,1.341039776802063,0.0,-0.09884081035852432
8.275240975000088,8.35,0.01620793342590332,20.0,0.0,0.0,0.0,5.529596124563089,0.0,1.3383084535598755,-0.05462646484375,-0.10406494140625
8.31969274400035,8.4,0.017209529876708984,20.0,0.0,0.0,0.0,5.529596124563089,0.0,1.3383084535598755,0.0,-0.09923449158668518
8.371855460000006,8.45,0.01843094825744629,20.0,0.0,0.0,0.0,5.662061126596658,0.0,1.3404812812805176,0.0434565544128418,-0.1051662266254425
8.52417813700049,8.5,0.008164167404174805,20.0,0.0,0.0,0.0,5.662061126596658,0.0,1.3404812812805176,0.0,-0.10736456513404846
8.532805470000312,8.55,0.007573366165161133,20.0,0.0,0.0,0.0,5.795217190068945,0.0,1.348932147026062,0.16901731491088867,-0.10879930853843689
8.540671128000213,8.6,0.00779414176940918,20.0,0.0,0.0,0.0,5.795217190068945,0.0,1.348932147026062,0.0,-0.10566717386245728
8.55869256599999,8.65,0.016666173934936523,20.00001788,0.0,0.000357600000000013,0.007152000000000259,5.930344290253392,0.0,1.3748867511749268,0.5190920829772949,-0.10682704299688339
8.621236310999848,8.7,0.015722274780273438,20.000166880000002,0.0,0.00298000000000002,0.05244800000000013,5.930344290253392,0.0,1.3748867511749268,0.0,-0.10507450997829437
8.670654757000193,8.75,0.01906895637512207,20.000464880000003,0.0,0.00596000000000002,0.0596,6.066461285778833,0.0,1.3662036657333374,-0.1736617088317871,-0.10164511948823929
8.724047720000272,8.8,0.012392759323120117,20.000911880000004,0.0,0.00894000000000002,0.059600000000000014,6.066461285778833,0.0,1.3662036657333374,0.0,-0.09663154184818268
8.767329004000203,8.85,0.012673377990722656,20.001507880000005,0.0,0.01192,0.059599999999999584,6.200411315681928,0.0,1.3420629501342773,-0.48281431198120117,-0.10527274757623672
8.817184663999797,8.9,0.012274742126464844,20.002252880000004,0.0,0.0149,0.0596,6.200411315681928,0.0,1.3420629501342773,0.0,-0.10174951702356339
8.866537257000346,8.95,0.013453006744384766,20.003146880000003,0.0,0.01788,0.0596,6.332503860863468,0.0,1.3343908786773682,-0.1534414291381836,-0.10344525426626205
8.918152725000255,9.0,0.012060165405273438,20.004189880000002,0.0,0.02086,0.0596,6.332503860863468,0.0,1.3343908786773682,0.0,-0.10120990872383118
8.965526097999827,9.05,0.014769554138183594,20.00538188,0.0,0.02384,0.0596,6.46523475468566,0.0,1.34132719039917,0.13872623443603516,-0.10347681492567062
9.01922447800007,9.1,0.013427972793579102,20.00672288,0.0,0.02682,0.0596,6.46523475468566,0.0,1.34132719039917,0.0,-0.10228904336690903
9.069583768000484,9.15,0.012363672256469727,20.008212880000002,0.0,0.0298,0.0596,6.59767972846988,0.0,1.3277781009674072,-0.2709817886352539,-0.10292937606573105
9.11716651900042,9.2,0.01366567611694336,20.009851880000003,0.0,0.03278,0.05959999999999993,6.59767972846988,0.0,1.3277781009674072,0.0,-0.10193619132041931
9.168349495999792,9.25,0.012504339218139648,20.01199748,0.0,0.0429119999999999,0.2026399999999981,6.728480037992711,0.0,1.311330795288086,-0.3289461135864258,-0.10723753273487091
9.217199288000302,9.3,0.012961864471435547,20.01691448,0.0,0.0983400000000001,1.1085600000000038,6.728480037992711,0.0,1.311330795288086,0.0,-0.10689292103052139
9.265719967999758,9.35,0.01601433753967285,20.02496048,0.0,0.16092,1.2515999999999983,6.858398130801553,0.0,1.308859944343567,-0.04941701889038086,-0.10769284516572952
9.32170008400044,9.4,0.01182866096496582,20.036135480000002,0.0,0.2235,1.2515999999999998,6.858398130801553,0.0,1.308859944343567,0.0,-0.10837338864803314
9.36711397900035,9.45,0.011723756790161133,20.05043948,0.0,0.28608,1.2515999999999998,6.987533777838362,0.0,1.3028264045715332,-0.12067079544067383,-0.10861825942993164
9.41812782299985,9.5,0.01324915885925293,20.067872480000002,0.0,0.34866,1.2516000000000005,6.987533777838362,0.0,1.3028264045715332,0.0,-0.11468131840229034
9.569517802000519,9.55,0.007438182830810547,20.088434480000004,0.0,0.41124,1.2515999999999994,7.116380309854564,0.0,1.306614637374878,0.07576465606689453,-0.11325336992740631
9.578948422000394,9.6,0.004267692565917969,20.112125480000003,0.0,0.47382,1.2516000000000005,7.116380309854564,0.0,1.306614637374878,0.0,-0.10525583475828171
9.583579127999656,9.65,0.012408256530761719,20.138945480000004,0.0,0.5364,1.2515999999999994,7.246487398808622,0.0,1.314522624015808,0.15815973281860352,-0.11645586788654327
9.617905606000022,9.7,0.01330256462097168,20.168894480000002,0.0,0.59898,1.2515999999999994,7.246487398808622,0.0,1.314522624015808,0.0,-0.11019464582204819
9.66888182799994,9.75,0.004400014877319336,20.201972480000002,0.0,0.66156,1.2516000000000016,7.376187210780672,0.0,1.2996091842651367,-0.29826879501342773,-0.10553712397813797
9.70660195399978,9.8,0.013321161270141602,20.238179480000003,0.0,0.724140000000001,1.2516000000000194,7.376187210780672,0.0,1.2996091842651367,0.0,-0.1077595055103302
9.769222777000323,9.85,0.012091875076293945,20.277649580000002,0.0,0.789402000000001,1.3052400000000008,7.504581988618804,0.0,1.2816835641860962,-0.35851240158081055,-0.11015050858259201
9.816555921000145,9.9,0.015126943588256836,20.32123208,0.0,0.871650000000001,1.6449599999999998,7.504581988618804,0.0,1.2816835641860962,0.0,-0.10229475051164627
9.869777847000478,9.95,0.010421276092529297,20.36906108,0.0,0.95658,1.698599999999979,7.632505363165098,0.0,1.2816200256347656,-0.0012707710266113281,-0.09704859554767609
9.91394979100005,10.0,0.015012741088867188,20.421136580000002,0.0,1.04151,1.698599999999999,7.632505363165098,0.0,1.2816200256347656,0.0,-0.03585578128695488
9.968928706000042,10.05,0.012041568756103516,20.477458580000004,0.0,1.12644,1.6986000000000034,7.759688519048153,0.0,1.2724043130874634,-0.18431425094604492,-0.027863265946507454
10.018021830999714,10.1,0.01192474365234375,20.538027080000003,0.0,1.21137,1.698599999999999,7.759688519048153,0.0,1.2724043130874634,0.0,-0.027627237141132355
10.065055193000262,10.15,0.010903358459472656,20.602842080000002,0.0,1.2963,1.698599999999999,7.885062146740036,0.0,1.2530608177185059,-0.3868699073791504,-0.026157449930906296
10.114490447999742,10.2,0.011891841888427734,20.671903580000002,0.0,1.38123,1.698599999999999,7.885062146740036,0.0,1.2530608177185059,0.0,-0.020838500931859016
10.1649785110003,10.25,0.014241218566894531,20.745211580000003,0.0,1.46616,1.698599999999999,8.007966429047631,0.0,1.2301336526870728,-0.4585433006286621,-0.02185440994799137
10.219367550000243,10.3,0.012386083602905273,20.822766080000005,0.0,1.55109,1.6986000000000034,8.007966429047631,0.0,1.2301336526870728,0.0,-0.021479681134223938
10.265307280999878,10.35,0.011974096298217773,20.904567080000003,0.0,1.63602,1.698599999999999,8.10833781025874,0.0,1.2000395059585571,-0.6018829345703125,-0.03300005942583084
10.316873304999717,10.4,0.011864900588989258,20.990614580000003,0.0,1.72095,1.698599999999999,8.10833781025874,0.0,1.2000395059585571,0.0,-0.020085185766220093
10.367588422999688,10.45,0.0120391845703125,21.0808907,0.0,1.8055224,1.691448000000002,8.227934332228555,0.0,1.195425033569336,-0.09228944778442383,-0.02602057345211506
10.415952111000479,10.5,0.013866662979125977,21.1752822,0.0,1.88783,1.6461519999999963,8.227934332228555,0.0,1.195425033569336,0.0,-0.017868442460894585
10.468553042000167,10.55,0.012035846710205078,21.273771200000002,0.0,1.96978,1.6390000000000038,8.346728579138917,0.0,1.1809579133987427,-0.28934240341186523,-1.4309579133987427
10.617506878999848,10.6,0.009655952453613281,21.376357700000003,0.0,2.05173,1.6389999999999993,8.346728579138917,0.0,1.1809579133987427,0.0,0.737316370010376
10.628034569000192,10.65,0.005039215087890625,21.483041700000005,0.0,2.13368,1.6389999999999993,8.464970250200624,0.0,1.1783844232559204,-0.05146980285644531,0.7899073362350464
10.633563702000174,10.7,0.009878396987915039,21.593823200000006,0.0,2.21563,1.6389999999999993,8.464970250200624,0.0,1.1783844232559204,0.0,0.8242600560188293
10.663104735999696,10.75,0.011793136596679688,21.708702200000005,0.0,2.29758,1.6389999999999993,8.582947473253162,0.0,1.1828019618988037,0.08835077285766602,0.7961949706077576
10.717405004999819,10.8,0.011821508407592773,21.827678700000003,0.0,2.37953,1.6389999999999993,8.582947473253162,0.0,1.1828019618988037,0.0,0.8108621835708618
10.766800635000436,10.85,0.013866662979125977,21.950752700000002,0.0,2.46148,1.6389999999999993,8.699992442014372,0.0,1.1803768873214722,-0.04850149154663086,0.7811651229858398
10.817860848999771,10.9,0.013129949569702148,22.0779242,0.0,2.54343,1.6389999999999993,8.699992442014372,0.0,1.1803768873214722,0.0,0.7912620902061462
10.86864284800049,10.95,0.011402130126953125,22.2091932,0.0,2.62538,1.6389999999999993,8.817773173914116,0.0,1.194551944732666,0.28350114822387695,0.8420644998550415
10.91587576100028,11.0,0.014205694198608398,22.3445597,0.0,2.70733,1.6389999999999993,8.817773173914116,0.0,1.194551944732666,0.0,0.8382118344306946
10.97035139899981,11.05,0.012264251708984375,22.483996880000003,0.0,2.7887436,1.6282720000000062,8.938948745215852,0.0,1.2376128435134888,0.8612179756164551,0.8540458083152771
11.016889251000066,11.1,0.013693809509277344,22.627334880000003,0.0,2.86676,1.560328000000002,8.938948745215852,0.0,1.2376128435134888,0.0,0.845241904258728
11.069315042000198,11.15,0.01157689094543457,22.774546880000003,0.0,2.94424,1.5495999999999999,9.065294206837354,0.0,1.295955777168274,1.1668586730957031,0.9100139737129211
11.117368143000022,11.2,0.01156759262084961,22.925632880000002,0.0,3.02172,1.5495999999999999,9.065294206837354,0.0,1.295955777168274,0.0,1.512892484664917
11.166772079000111,11.25,0.011770009994506836,23.08059288,0.0,3.0992,1.5495999999999999,9.197266111906627,0.0,1.3480777740478516,1.0424399375915527,1.6330605745315552
11.217632736999803,11.3,0.011000871658325195,23.23942688,0.0,3.17668,1.5495999999999999,9.197266111906627,0.0,1.3480777740478516,0.0,1.6587324142456055
11.265544445999694,11.35,0.012480497360229492,23.40213488,0.0,3.25416,1.5495999999999999,9.332949563942112,0.0,1.3779584169387817,0.5976128578186035,1.6980689764022827
11.31740533700031,11.4,0.013718366622924805,23.568716879999997,0.0,3.33164,1.5495999999999999,9.332949563942112,0.0,1.3779584169387817,0.0,1.7367600202560425
11.368641089000448,11.45,0.016348600387573242,23.739172879999998,0.0,3.40912,1.5495999999999999,9.471777547246802,0.0,1.4102448225021362,0.6457281112670898,1.7250710725784302
11.420931771999676,11.5,0.010443449020385742,23.91350288,0.0,3.4866,1.5495999999999999,9.471777547246802,0.0,1.4102448225021362,0.0,1.7512571811676025
11.465901211000528,11.55,0.012912273406982422,24.09170688,0.0,3.56408,1.5495999999999999,9.614157326594974,0.0,1.458265781402588,0.9604191780090332,1.76799476146698
11.517996094999944,11.6,0.013077735900878906,24.27378488,0.0,3.64156,1.5495999999999999,9.614157326594974,0.0,1.458265781402588,0.0,1.767138957977295
11.668906105000133,11.65,0.007012367248535156,24.45965642,0.0,3.7174308,1.5174159999999937,9.763975684872788,0.0,1.5398132801055908,1.6309499740600586,1.796561598777771
11.676749877000475,11.7,0.0042188167572021484,24.64881192,0.0,3.78311,1.3135840000000076,9.763975684872788,0.0,1.5398132801055908,0.0,1.7900863885879517
11.681313791999855,11.75,0.011494636535644531,24.84117092,0.0,3.84718,1.2813999999999925,9.923338312359451,0.0,1.6451162099838257,2.1060585975646973,1.8147114515304565
11.716272687000128,11.8,0.013405799865722656,25.03673342,0.0,3.91125,1.2814000000000014,9.923338312359451,0.0,1.6451162099838257,0.0,1.730754017829895
11.767667928000265,11.85,0.013496875762939453,25.23549942,0.0,3.97532,1.2814000000000014,10.093065448633537,0.0,1.7502081394195557,2.1018385887145996,1.7182036638259888
11.818059623999943,11.9,0.0146636962890625,25.43746892,0.0,4.03939,1.2814000000000014,10.093065448633537,0.0,1.7502081394195557,0.0,1.6333286762237549
11.868154124999819,11.95,0.011805534362792969,25.64264192,0.0,4.10346,1.2814000000000014,10.273367050843504,0.0,1.862065076828003,2.2371387481689453,1.713957667350769
11.91661765400022,12.0,0.011139392852783203,25.85101842,0.0,4.16753,1.2814000000000014,10.273367050843504,0.0,1.862065076828003,0.0,1.7579275369644165
11.966348337999989,12.05,0.013069868087768555,26.06259842,0.0,4.2316,1.2814000000000014,10.466032144482035,0.0,1.9920650768280028,2.599999999999998,1.7900806665420532
12.016605366000476,12.1,0.011496305465698242,26.27738192,0.0,4.29567,1.2814000000000014,10.466032144482035,0.0,1.9937005043029785,0.03270854949951385,1.7616856098175049
12.065846960000272,12.15,0.012809514999389648,26.49536892,0.0,4.35974,1.2814000000000014,10.671856844092495,0.0,2.122880220413208,2.58359432220459,1.8188576698303223
12.116586078000182,12.2,0.015486955642700195,26.71655942,0.0,4.42381,1.2813999999999837,10.671856844092495,0.0,2.122880220413208,0.0,1.7993708848953247
12.170291999000256,12.25,0.012271881103515625,26.940801439999998,0.0,4.4848404,1.2206080000000163,10.890878332997355,0.0,2.252880220413208,2.599999999999998,1.8182469606399536
12.21818820899989,12.3,0.014494657516479492,27.167132439999996,0.0,4.52662,0.8355919999999983,10.890878332997355,0.0,2.2618088722229004,0.1785730361938498,1.8030654191970825
12.27056872400044,12.35,0.012911081314086914,27.395400439999996,0.0,4.56536,0.7747999999999955,11.1242526704626,0.0,2.3918088722229003,2.599999999999998,1.8328614234924316
12.318456955999864,12.4,0.011423826217651367,27.625605439999998,0.0,4.6041,0.7747999999999955,11.1242526704626,0.0,2.4099502563476562,0.3628276824951193,1.6559165716171265
12.36586025700035,12.45,0.015145063400268555,27.857747439999997,0.0,4.64284,0.7747999999999955,11.373181703730669,0.0,2.539950256347656,2.599999999999998,1.68229079246521
12.421111909000501,12.5,0.010921239852905273,28.09182644,0.0,4.68158,0.7748000000000133,11.373181703730669,0.0,2.572580575942993,0.6526063919067404,1.7399591207504272
12.465938844000448,12.55,0.015390872955322266,28.327842439999998,0.0,4.72032,0.7747999999999955,11.373181703730669,0.0,2.572580575942993,0.0,1.7039276361465454
12.521203674999924,12.6,0.014151573181152344,28.56579544,0.0,4.75906,0.7747999999999955,11.638240249354396,0.0,2.702580575942993,2.599999999999998,1.6733851432800293
12.569550227000036,12.65,0.013641834259033203,28.805685439999998,0.0,4.7978,0.7747999999999955,11.918355289606675,0.0,2.832580575942993,2.599999999999998,1.7206697463989258
12.717620360999717,12.7,0.010036468505859375,29.04751244,0.0,4.83654,0.7748000000000133,11.918355289606675,0.0,2.879906415939331,0.9465167999267621,1.6896015405654907
12.730186812999818,12.75,0.0077669620513916016,29.291276439999997,0.0,4.87528,0.7747999999999955,12.213869691932068,0.0,3.009906415939331,2.599999999999998,1.7413805723190308
12.738746328000161,12.8,0.012670755386352539,29.536977439999998,0.0,4.91402,0.7747999999999955,12.213869691932068,0.0,3.0445327758789062,0.692527198791506,1.7103588581085205
12.764314959999865,12.85,0.013415098190307617,29.7844277,0.0,4.9490052,0.6997040000000077,12.525989004107632,0.0,3.174532775878906,2.599999999999998,1.7463308572769165
12.817931927000245,12.9,0.013628721237182617,30.032438199999998,0.0,4.96021,0.22409599999999585,12.525989004107632,0.0,3.2116379737854004,0.7421039581298849,1.6811244487762451
12.868903634000162,12.95,0.01221919059753418,30.2808212,0.0,4.96766,0.14900000000000801,12.854225913202587,0.0,3.3416379737854003,2.599999999999998,1.7049545049667358
12.916862562999995,13.0,0.014806985855102539,30.5295767,0.0,4.97511,0.14899999999999025,12.854225913202587,0.0,3.3725080490112305,0.6174015045166037,1.6278373003005981
12.970682852999744,13.05,0.012806177139282227,30.7787047,0.0,4.98256,0.14900000000000801,13.197361430265838,0.0,3.5025080490112304,2.599999999999998,1.3046159744262695
13.017340700999739,13.1,0.01313924789428711,31.0282052,0.0,4.99001,0.14899999999999025,13.197361430265838,0.0,3.5164761543273926,0.2793621063232443,1.267938256263733
13.06588600699979,13.15,0.012753725051879883,31.2780782,0.0,4.99746,0.14900000000000801,13.555896505334607,0.0,3.6464761543273925,2.599999999999998,1.2824265956878662
13.117228072000216,13.2,0.013158321380615234,31.528323699999998,0.0,5.00491,0.14899999999999025,13.555896505334607,0.0,3.6823654174804688,0.7177852630615256,1.2785671949386597
13.167657394999878,13.25,0.014712095260620117,31.778941699999997,0.0,5.01236,0.14900000000000801,13.930996015161089,0.0,3.8123654174804686,2.599999999999998,1.3040691614151
13.219471512999917,13.3,0.010965585708618164,32.0299322,0.0,5.01981,0.14899999999999025,13.930996015161089,0.0,3.8508801460266113,0.7702945709228537,1.2574115991592407
13.265770502000123,13.35,0.012618303298950195,32.281295199999995,0.0,5.02726,0.14900000000000801,14.322671739982916,0.0,3.980880146026611,2.599999999999998,1.3245183229446411
13.316946808000466,13.4,0.012143611907958984,32.5330307,0.0,5.03471,0.14899999999999025,14.322671739982916,0.0,4.006998538970947,0.5223678588867209,1.3138014078140259
13.367864574999658,13.45,0.015454769134521484,32.78496884,0.0,5.0387628,0.08105600000000379,14.729575134640992,0.0,4.136998538970947,2.599999999999998,1.3339972496032715
13.41848889100038,13.5,0.013654470443725586,33.036033839999995,0.0,5.0213,-0.34925599999999335,14.729575134640992,0.0,4.154954433441162,0.359117889404299,1.3227163553237915
13.46908589099985,13.55,0.013219118118286133,33.286055839999996,0.0,5.00044,-0.4171999999999976,15.150233645137353,0.0,4.284954433441162,2.599999999999998,1.265625
13.517801277000217,13.6,0.012744426727294922,33.535034839999994,0.0,4.97958,-0.4171999999999976,15.150233645137353,0.0,4.285538673400879,0.011684799194338069,0.7708343863487244
13.567624565999722,13.65,0.01296687126159668,33.78297084,0.0,4.95872,-0.41720000000001534,15.583678840454303,0.0,4.413387775421143,2.5569820404052734,0.5702573657035828
13.617553344000044,13.7,0.0127105712890625,34.02986384,0.0,4.93786,-0.4171999999999976,15.583678840454303,0.0,4.413387775421143,0.0,0.5508077144622803
13.76573275300052,13.75,0.007300615310668945,34.275713839999995,0.0,4.917,-0.4171999999999976,16.02929062147307,0.0,4.530915260314941,2.3505496978759766,0.5785535573959351
13.773779801999808,13.8,0.004167318344116211,34.520520839999996,0.0,4.89614,-0.4171999999999976,16.02929062147307,0.0,4.530915260314941,0.0,0.5827333331108093
13.778277154000534,13.85,0.005456686019897461,34.764284839999995,0.0,4.87528,-0.4171999999999976,16.48744315676369,0.0,4.660915260314941,2.599999999999998,0.5963841676712036
13.806629386000168,13.9,0.012601375579833984,35.00700584,0.0,4.85442,-0.4171999999999976,16.48744315676369,0.0,4.6623735427856445,0.02916564941406463,0.5762881636619568
13.865105118999963,13.95,0.011531829833984375,35.24868384,0.0,4.83356,-0.4171999999999976,16.957303428363748,0.0,4.770650863647461,2.165546417236328,0.6092824339866638
13.91398342299999,14.0,0.019368410110473633,35.489318839999996,0.0,4.8127,-0.4171999999999976,16.957303428363748,0.0,4.770650863647461,0.0,0.5921303629875183
13.972495357999833,14.05,0.0171661376953125,35.72885719999999,0.0,4.7907672,-0.4386560000000017,17.43664069359067,0.0,4.849193096160889,1.5708446502685547,0.6329428553581238
14.02176254599999,14.1,0.016289234161376953,35.96695919999999,0.0,4.76204,-0.5745440000000102,17.43664069359067,0.0,4.849193096160889,0.0,0.6426647901535034
14.071457834000284,14.15,0.01693868637084961,36.20357119999999,0.0,4.73224,-0.5959999999999965,17.922549070009826,0.0,4.908359050750732,1.183319091796875,0.4052894413471222
14.120403128000362,14.2,0.017236709594726562,36.43869319999999,0.0,4.70244,-0.5959999999999965,17.922549070009826,0.0,4.908359050750732,0.0,-1.1838586330413818
14.172554757999933,14.25,0.015207529067993164,36.67232519999999,0.0,4.67264,-0.5959999999999965,18.41384958112974,0.0,4.967636585235596,1.1855506896972656,-1.4782702922821045
14.218880930000523,14.3,0.019808292388916016,36.90446719999999,0.0,4.64284,-0.5960000000000143,18.41384958112974,0.0,4.967636585235596,0.0,-1.4753029346466064
14.275339050999719,14.35,0.017192363739013672,37.13511919999999,0.0,4.61304,-0.5959999999999965,18.910861404530383,0.0,5.015892505645752,0.965118408203125,-1.448489785194397
14.321357249000357,14.4,0.016769886016845703,37.36428119999999,0.0,4.58324,-0.5959999999999965,18.910861404530383,0.0,5.015892505645752,0.0,-1.4697993993759155
14.370030181000402,14.45,0.016846418380737305,37.59195319999999,0.0,4.55344,-0.5959999999999965,19.412618241741338,0.0,5.068384170532227,1.0498332977294922,-1.4546657800674438
14.42109672800052,14.5,0.017694950103759766,37.81813519999999,0.0,4.52364,-0.5959999999999965,19.412618241741338,0.0,5.068384170532227,0.0,-1.4442473649978638
14.471735306000483,14.55,0.016580820083618164,38.04282719999999,0.0,4.49384,-0.5960000000000143,19.9185565035061,0.0,5.068384170532227,0.0,-1.455034613609314
14.521165696000025,14.6,0.014066219329833984,38.26602919999999,0.0,4.46404,-0.5959999999999965,19.9185565035061,0.0,5.103674411773682,0.7058048248291016,-1.4249690771102905
14.568722701999832,14.65,0.018434762954711914,38.48770543999999,0.0,4.4335248,-0.6103039999999993,20.42529215522325,0.0,5.104238986968994,0.01129150390625,-1.4238860607147217
14.623765936999916,14.7,0.01801753044128418,38.70762943999999,0.0,4.39848,-0.7008959999999931,20.42529215522325,0.0,5.104238986968994,0.0,-1.4315088987350464
14.673368212999776,14.75,0.01627969741821289,38.92576543999999,0.0,4.36272,-0.7151999999999958,20.932595434200007,0.0,5.111507892608643,0.14537811279296875,-1.6637837886810303
14.821149974000036,14.8,0.009041786193847656,39.14211343999999,0.0,4.32696,-0.7152000000000136,20.932595434200007,0.0,5.111507892608643,0.0,-0.41652631759643555
14.830606852000528,14.85,0.00724029541015625,39.35667343999999,0.0,4.2912,-0.7151999999999958,21.44100659525283,0.0,5.120113849639893,0.172119140625,-0.4818284809589386
14.838426465999873,14.9,0.008603334426879883,39.56944543999999,0.0,4.25544,-0.7151999999999958,21.44100659525283,0.0,5.120113849639893,0.0,-0.34726059436798096
14.85919937000017,14.95,0.016515731811523438,39.78042943999999,0.0,4.21968,-0.7151999999999958,21.950340447933893,0.0,5.115528583526611,-0.091705322265625,-0.37009885907173157
14.92100385699996,15.0,0.015209436416625977,39.98962543999999,0.0,4.18392,-0.7152000000000136,21.950340447933893,0.0,5.115528583526611,0.0,-0.37132060527801514
14.970065497000178,15.05,0.015170574188232422,40.19703343999999,0.0,4.14816,-0.7151999999999958,22.44824890659388,0.0,4.950575828552246,-3.2990550994873047,-0.3487440347671509
15.019489235000037,15.1,0.015280961990356445,40.402653439999995,0.0,4.1124,-0.7151999999999958,22.44824890659388,0.0,4.950575828552246,0.0,-0.35765954852104187
15.06915093400039,15.15,0.01866769790649414,40.60648543999999,0.0,4.07664,-0.7151999999999958,22.93237775839344,0.0,4.825822353363037,-2.4950695037841797,-0.3603534996509552
15.125251039000432,15.2,0.015468597412109375,40.808529439999994,0.0,4.04088,-0.7152000000000136,22.93237775839344,0.0,4.825822353363037,0.0,-0.34938398003578186
15.170201484000245,15.25,0.017664432525634766,41.00852618,0.0,3.9999348,-0.8189039999999892,23.407380772849105,0.0,4.755061149597168,-1.4152240753173828,-0.41338396072387695
15.22124509600053,15.3,0.015909910202026367,41.20483368,0.0,3.92615,-1.4756960000000063,23.407380772849105,0.0,4.755061149597168,0.0,-0.35970667004585266
15.271014808000473,15.35,0.01586437225341797,41.39719268,0.0,3.84718,-1.5793999999999997,23.876411752899234,0.0,4.709939479827881,-0.9024333953857422,-0.3681942820549011
15.31975216400042,15.4,0.01601243019104004,41.58560318000001,0.0,3.76821,-1.5793999999999997,23.876411752899234,0.0,4.709939479827881,0.0,-0.6551916003227234
15.371154182999817,15.45,0.018093347549438477,41.77006518000001,0.0,3.68924,-1.5793999999999997,24.34185051990659,0.0,4.66004753112793,-0.9978389739990234,-0.7138712406158447
15.422405008999704,15.5,0.01616811752319336,41.95057868000001,0.0,3.61027,-1.5793999999999997,24.34185051990659,0.0,4.66004753112793,0.0,-0.7087801098823547
15.470288274999803,15.55,0.01534581184387207,42.12714368,0.0,3.5313,-1.5793999999999997,24.8023123144892,0.0,4.613251209259033,-0.9359264373779297,-0.6982311010360718
15.520018473999698,15.6,0.0157930850982666,42.29976018,0.0,3.45233,-1.5793999999999997,24.8023123144892,0.0,4.613251209259033,0.0,-0.7003567814826965
15.568720015000508,15.65,0.018181324005126953,42.46842818,0.0,3.37336,-1.5793999999999997,25.257807749740206,0.0,4.56168794631958,-1.0312652587890625,-0.7066843509674072
15.622799839000436,15.7,0.019708871841430664,42.63314767999999,0.0,3.29439,-1.5793999999999997,25.257807749740206,0.0,4.56168794631958,0.0,-0.6489098072052002
15.672547371999826,15.75,0.016597747802734375,42.79391867999999,0.0,3.21542,-1.5793999999999997,25.706567520155858,0.0,4.503816604614258,-1.1574268341064453,-0.7209508419036865
15.721177629000522,15.8,0.017174243927001953,42.95074117999999,0.0,3.13645,-1.5793999999999997,25.706567520155858,0.0,4.503816604614258,0.0,-0.6764909625053406
15.873159044000204,15.85,0.010970115661621094,43.10357047999999,0.0,3.056586,-1.5972800000000031,26.4077028429418,0.0,4.428734302520752,-1.5016460418701172,-0.68370521068573
15.886468767000224,15.9,0.010518789291381836,43.25212347999999,0.0,2.97106,-1.7105199999999954,26.4077028429418,0.0,4.428734302520752,0.0,-0.6599234342575073
15.897315662000437,15.95,0.007321596145629883,43.39635547999999,0.0,2.88464,-1.7283999999999988,26.846474480529753,0.0,4.349743843078613,-1.5798091888427734,-0.7135186195373535
15.907790942999782,16.0,0.0171658992767334,43.53626647999999,0.0,2.79822,-1.7283999999999988,26.846474480529753,0.0,4.349743843078613,0.0,-0.8438648581504822
15.973407297999984,16.05,0.013587474822998047,43.67185647999999,0.0,2.7118,-1.7283999999999988,27.277390417875154,0.0,4.267904281616211,-1.6367912292480469,-0.8270998597145081
16.0170145459997,16.1,0.01625967025756836,43.80312547999999,0.0,2.62538,-1.7284000000000077,27.277390417875154,0.0,4.267904281616211,0.0,-0.8007895350456238
16.07185314599974,16.15,0.016080856323242188,43.93007347999999,0.0,2.53896,-1.7283999999999988,27.701361443142012,0.0,4.204346656799316,-1.2711524963378906,-0.808503270149231
16.120580996999706,16.2,0.015527009963989258,44.05270047999999,0.0,2.45254,-1.7283999999999988,27.701361443142012,0.0,4.204346656799316,0.0,-0.7899785041809082
16.17065936200015,16.25,0.015489339828491211,44.17100647999999,0.0,2.36612,-1.7283999999999988,28.11876117779318,0.0,4.141493797302246,-1.2570571899414062,-0.8391392827033997
16.21984962100032,16.3,0.02055811882019043,44.28499147999999,0.0,2.2797,-1.7283999999999988,28.11876117779318,0.0,4.141493797302246,0.0,-0.796801745891571
16.273214822000227,16.35,0.01811838150024414,44.39465547999999,0.0,2.19328,-1.7283999999999988,28.528680327002906,0.0,4.06215238571167,-1.5868282318115234,-0.804946780204773
16.322585519000313,16.4,0.016279220581054688,44.49999847999999,0.0,2.10686,-1.7283999999999988,28.528680327002906,0.0,4.06215238571167,0.0,-0.719882607460022
16.371225654999762,16.45,0.018149137496948242,44.601145639999984,0.0,2.0229432,-1.678336000000007,28.931226522772114,0.0,3.977638006210327,-1.6902875900268555,-0.7097401022911072
16.424060051000197,16.5,0.020661115646362305,44.69888963999998,0.0,1.95488,-1.3612639999999976,28.931226522772114,0.0,3.977638006210327,0.0,-0.7138350605964661
16.47576145200037,16.55,0.014978408813476562,44.79335563999998,0.0,1.88932,-1.3111999999999968,28.931226522772114,0.0,3.977638006210327,0.0,-0.744813084602356
16.518816517999767,16.6,0.015922069549560547,44.88454363999998,0.0,1.82376,-1.3112000000000013,29.324690747369054,0.0,3.8834965229034424,-1.8828296661376953,-1.1373710632324219
16.57218643000033,16.65,0.01805281639099121,44.97245363999998,0.0,1.7582,-1.3112000000000013,29.710708922086653,0.0,3.823765516281128,-1.194620132446289,-1.3430345058441162
16.621318665999752,16.7,0.019733428955078125,45.05708563999998,0.0,1.69264,-1.3112000000000013,29.710708922086653,0.0,3.823765516281128,0.0,-1.2640435695648193
16.676254308000352,16.75,0.01727151870727539,45.13843963999998,0.0,1.62708,-1.3111999999999968,30.090190797127473,0.0,3.752216100692749,-1.4309883117675781,-1.347032070159912
16.721285935000196,16.8,0.016071319580078125,45.21651563999998,0.0,1.56152,-1.3112000000000013,30.090190797127473,0.0,3.752216100692749,0.0,-1.2971454858779907
16.771100433000356,16.85,0.016932010650634766,45.291313639999984,0.0,1.49596,-1.3112000000000013,30.46196034999268,0.0,3.6744093894958496,-1.5561342239379883,-1.2923369407653809
16.921604764999756,16.9,0.007769584655761719,45.362833639999984,0.0,1.4304,-1.3112000000000013,30.46196034999268,0.0,3.6744093894958496,0.0,-1.1897969245910645
16.930001978999826,16.95,0.007332563400268555,45.43107563999998,0.0,1.36484,-1.3111999999999968,30.825516633016516,0.0,3.5751545429229736,-1.9850969314575195,-1.2766433954238892
16.937786198999675,17.0,0.00834798812866211,45.496039639999985,0.0,1.29928,-1.3112000000000013,30.825516633016516,0.0,3.5751545429229736,0.0,-1.1766269207000732
16.9593702330003,17.05,0.016745805740356445,45.55817263999999,0.0,1.24266,-1.1323999999999979,31.177683512590164,0.0,3.450714349746704,-2.4888038635253906,-1.2611842155456543
17.02158318900001,17.1,0.018159866333007812,45.62030563999999,0.0,1.24266,0.0,31.177683512590164,0.0,3.450714349746704,0.0,-1.1642683744430542
17.07127748000039,17.15,0.016370773315429688,45.68288563999999,0.0,1.2516,0.17879999999999896,31.516447533641628,0.0,3.316885471343994,-2.676577568054199,-1.1894768476486206
17.1197203239999,17.2,0.015663623809814453,45.745912639999986,0.0,1.26054,0.17879999999999896,31.516447533641628,0.0,3.316885471343994,0.0,-1.1335926055908203
17.171122646000185,17.25,0.015458106994628906,45.809386639999985,0.0,1.26948,0.17879999999999896,31.8425943450234,0.0,3.2000732421875,-2.336244583129883,-1.8507789373397827
17.218315820000498,17.3,0.016808748245239258,45.873307639999986,0.0,1.27842,0.17879999999999896,31.8425943450234,0.0,3.2000732421875,0.0,-1.7424901723861694
17.272598632000154,17.35,0.015271186828613281,45.93767563999999,0.0,1.28736,0.1788000000000034,32.15834814316633,0.0,3.1014938354492188,-1.971588134765625,-1.997791051864624
17.31853269000021,17.4,0.017647981643676758,46.00249063999999,0.0,1.2963,0.17879999999999896,32.15834814316633,0.0,3.1014938354492188,0.0,-1.8513044118881226
17.370670205999886,17.45,0.015445947647094727,46.06775263999999,0.0,1.30524,0.17879999999999896,32.46350618117992,0.0,2.9885480403900146,-2.258915901184082,-1.9387739896774292
17.41991063200021,17.5,0.015441656112670898,46.133461639999986,0.0,1.31418,0.17879999999999896,32.46350618117992,0.0,2.9885480403900146,0.0,-1.938724160194397
17.470381668999835,17.55,0.013656377792358398,46.199617639999985,0.0,1.32312,0.1788000000000034,32.46350618117992,0.0,2.9885480403900146,0.0,-1.9788134098052979
17.516861430000063,17.6,0.017026424407958984,46.266220639999986,0.0,1.33206,0.17879999999999896,32.756538715678865,0.0,2.8589727878570557,-2.5915050506591797,-1.549625277519226
17.571095553000305,17.65,0.017102718353271484,46.33353883999999,0.0,1.346364,0.28607999999999745,33.03452257183728,0.0,2.6869335174560547,-3.4407854080200195,-1.8905174732208252
17.621819687000425,17.7,0.01565694808959961,46.40327083999999,0.0,1.39464,0.9655200000000042,33.03452257183728,0.0,2.6869335174560547,0.0,-1.5250208377838135
17.671624802000224,17.75,0.01598644256591797,46.47568483999999,0.0,1.44828,1.0727999999999982,33.293692175739174,0.0,2.4855828285217285,-4.027013778686523,-1.5905823707580566
17.720719918999748,17.8,0.015769243240356445,46.550780839999994,0.0,1.50192,1.0727999999999982,33.293692175739174,0.0,2.4855828285217285,0.0,-0.7192004323005676
17.771626376999848,17.85,0.016147613525390625,46.62855884,0.0,1.55556,1.0728000000000026,33.5327488055279,0.0,2.2961409091949463,-3.7888383865356445,-0.6564016342163086
17.82088674700026,17.9,0.018477916717529297,46.70901884,0.0,1.6092,1.0727999999999982,33.5327488055279,0.0,2.2961409091949463,0.0,-0.6515979170799255
17.97139212000002,17.95,0.0068416595458984375,46.79216084,0.0,1.66284,1.0728000000000026,33.754165838751824,0.0,2.117997884750366,-3.5628604888916016,-0.6619904041290283
17.978663157000483,18.0,0.007820606231689453,46.87798484,0.0,1.71648,1.0727999999999982,33.754165838751824,0.0,2.117997884750366,0.0,-0.5722552537918091
17.98678209300033,18.05,0.00804901123046875,46.966490840000006,0.0,1.77012,1.0727999999999982,33.9588883217158,0.0,1.9553534984588623,-3.252887725830078,-0.6798205375671387
18.008863332000146,18.1,0.01789379119873047,47.05767884000001,0.0,1.82376,1.0728000000000026,33.9588883217158,0.0,1.9553534984588623,0.0,-0.6299334168434143
18.072281814000235,18.15,0.01662611961364746,47.15154884000001,0.0,1.8774,1.0727999999999982,34.147174507888785,0.0,1.8168729543685913,-2.76961088180542,-0.662996232509613
18.121707782999692,18.2,0.017819881439208984,47.24810084000001,0.0,1.93104,1.0728000000000026,34.147174507888785,0.0,1.8168729543685913,0.0,-0.6085537672042847
18.173313313999643,18.25,0.017157316207885742,47.347397420000014,0.0,1.9859316,1.0978319999999986,34.324231914130536,0.0,1.719589114189148,-1.9456768035888672,-0.647163450717926
18.22135073499976,18.3,0.01792597770690918,47.449834920000015,0.0,2.04875,1.256368000000001,34.324231914130536,0.0,1.719589114189148,0.0,-0.6627737283706665
18.273057598999912,18.35,0.01698899269104004,47.55547592000001,0.0,2.11282,1.2814000000000014,34.49306463633818,0.0,1.643303394317627,-1.52571439743042,-0.5691937804222107
18.32000330699975,18.4,0.016154766082763672,47.66432042000001,0.0,2.17689,1.2814000000000014,34.49306463633818,0.0,1.643303394317627,0.0,0.03574354574084282
18.37080535699988,18.45,0.016065359115600586,47.77636842000001,0.0,2.24096,1.2813999999999925,34.6546929567822,0.0,1.5780342817306519,-1.305382251739502,-1.5895739793777466
18.42044418400019,18.5,0.016855955123901367,47.89161992000001,0.0,2.30503,1.2814000000000014,34.6546929567822,0.0,1.5780342817306519,0.0,-1.5854408740997314
18.46947985800034,18.55,0.016808748245239258,48.01007492000001,0.0,2.3691,1.2814000000000014,34.6546929567822,0.0,1.5780342817306519,0.0,-1.6174640655517578
18.520562263999636,18.6,0.014728307723999023,48.13173342000001,0.0,2.43317,1.2814000000000014,34.809707759713504,0.0,1.5130130052566528,-1.3004255294799805,-1.5691720247268677
18.567275725999934,18.65,0.016779422760009766,48.25659542000001,0.0,2.49724,1.2814000000000014,34.959432397935686,0.0,1.4805705547332764,-0.6488490104675293,-1.5817980766296387
18.620513400000164,18.7,0.019755125045776367,48.38466092000001,0.0,2.56131,1.2814000000000014,34.959432397935686,0.0,1.4805705547332764,0.0,-1.5018177032470703
18.6721588649998,18.75,0.013229846954345703,48.51592992000001,0.0,2.62538,1.2813999999999925,35.10611468048755,0.0,1.4396536350250244,-0.8183383941650391,-1.444916009902954
18.71771578300013,18.8,0.012388229370117188,48.65040242000001,0.0,2.68945,1.2814000000000014,35.10611468048755,0.0,1.4396536350250244,0.0,-1.3996936082839966
18.7675721530004,18.85,0.013591766357421875,48.788096300000014,0.0,2.7538776,1.2885520000000028,35.247181477259865,0.0,1.3614474534988403,-1.5641236305236816,-1.3906042575836182
18.816714278999825,18.9,0.010911941528320312,48.92912480000001,0.0,2.82057,1.3338479999999997,35.247181477259865,0.0,1.3614474534988403,0.0,-1.348509669303894
18.866147247999834,18.95,0.012784719467163086,49.073505800000014,0.0,2.88762,1.341000000000001,35.37891983032105,0.0,1.2558937072753906,-2.111074924468994,-1.1436686515808105
19.0175150770001,19.0,0.007078647613525391,49.221239300000015,0.0,2.95467,1.341000000000001,35.37891983032105,0.0,1.2558937072753906,0.0,0.9073414206504822
19.025380238999787,19.05,0.0042285919189453125,49.372325300000014,0.0,3.02172,1.341000000000001,35.49981077037973,0.0,1.1501373052597046,-2.1151280403137207,1.2850916385650635
19.029969477999657,19.1,0.009829998016357422,49.52676380000001,0.0,3.08877,1.3409999999999922,35.49981077037973,0.0,1.1501373052597046,0.0,1.3195202350616455
19.06379171899971,19.15,0.012631654739379883,49.684554800000015,0.0,3.15582,1.341000000000001,35.61076318357278,0.0,1.056699514389038,-1.86875581741333,1.3141528367996216
19.117340615999638,19.2,0.010841846466064453,49.845698300000016,0.0,3.22287,1.341000000000001,35.61076318357278,0.0,1.056699514389038,0.0,1.31450355052948
19.16326551899965,19.25,0.01536107063293457,50.010194300000016,0.0,3.28992,1.341000000000001,35.71329238129094,0.0,0.9993603825569153,-1.146782636642456,1.2889000177383423
19.219446373999745,19.3,0.013408660888671875,50.178042800000014,0.0,3.35697,1.341000000000001,35.71329238129094,0.0,0.9993603825569153,0.0,1.3148387670516968
19.266275900999972,19.35,0.012684106826782227,50.34924380000002,0.0,3.42402,1.341000000000001,35.81319035283087,0.0,0.9940499067306519,-0.10620951652526855,1.3511760234832764
19.317751208000118,19.4,0.010647773742675781,50.52379730000002,0.0,3.49107,1.341000000000001,35.81319035283087,0.0,0.9940499067306519,0.0,1.3422372341156006
19.365539118000015,19.45,0.014021635055541992,50.70168542000002,0.0,3.5577624,1.3338479999999997,35.91482663034325,0.0,1.0347037315368652,0.8130764961242676,1.3181233406066895
19.416643757999736,19.5,0.014823198318481445,50.882794920000016,0.0,3.62219,1.288551999999994,35.91482663034325,0.0,1.0347037315368652,0.0,1.3308309316635132
19.46889082600046,19.55,0.011864662170410156,51.06710792000002,0.0,3.68626,1.2814000000000014,35.91482663034325,0.0,1.0347037315368652,0.0,1.2286961078643799
19.515577222000502,19.6,0.013286352157592773,51.25462442000002,0.0,3.75033,1.2814000000000014,36.02301748011968,0.0,1.1261131763458252,1.8281888961791992,1.2665705680847168
19.566280119999647,19.65,0.01193094253540039,51.44534442000002,0.0,3.8144,1.2814000000000014,36.14392587741782,0.0,1.256113176345825,2.599999999999998,1.3000785112380981
19.615644794000218,19.7,0.018880844116210938,51.639267920000016,0.0,3.87847,1.2814000000000014,36.14392587741782,0.0,1.2790881395339966,0.45949926376342987,1.230446696281433
19.672993177000535,19.75,0.01230931282043457,51.83639492000002,0.0,3.94254,1.2814000000000014,36.28309714006414,0.0,1.4090881395339965,2.599999999999998,1.2523893117904663
19.717106138000418,19.8,0.013137578964233398,52.03672542000002,0.0,4.00661,1.2814000000000014,36.28309714006414,0.0,1.4794254302978516,1.4067458152771017,1.1863946914672852
19.766179410000404,19.85,0.013881683349609375,52.240259420000015,0.0,4.07068,1.2814000000000014,36.443086727111094,0.0,1.6094254302978515,2.599999999999998,1.2312902212142944
19.818893124999704,19.9,0.014652013778686523,52.44699692000002,0.0,4.13475,1.2814000000000014,36.443086727111094,0.0,1.6920217275619507,1.6519259452819846,1.157867431640625
19.86968700699981,19.95,0.013966560363769531,52.65693792000002,0.0,4.19882,1.2814000000000014,36.62445244134078,0.0,1.8220217275619506,2.599999999999998,1.195758581161499
19.918720933999793,20.0,0.012070894241333008,52.87008242000002,0.0,4.26289,1.2813999999999837,36.62445244134078,0.0,1.903531551361084,1.6301964759826681,1.1619021892547607
20.066487291000158,20.05,0.0072803497314453125,53.08630526000002,0.0,4.3244568,1.2313360000000095,36.82573421540573,0.0,2.033531551361084,2.599999999999998,1.188654899597168
20.07467804800035,20.1,0.004143476486206055,53.304813760000016,0.0,4.37017,0.9142639999999957,36.82573421540573,0.0,2.098602294921875,1.3014148712158224,1.1501898765563965
20.07915515500008,20.15,0.010522603988647461,53.52548276000002,0.0,4.41338,0.8642000000000039,37.046694913006995,0.0,2.228602294921875,2.599999999999998,1.2141392230987549
20.116050927000288,20.2,0.015258312225341797,53.74831226000002,0.0,4.45659,0.8642000000000039,37.046694913006995,0.0,2.2942142486572266,1.3122390747070334,1.2771193981170654
20.168266544999824,20.25,0.014052391052246094,53.97330226000002,0.0,4.4998,0.8641999999999861,37.2860664883115,0.0,2.4242142486572265,2.599999999999998,1.2893762588500977
20.21876167299979,20.3,0.01704239845275879,54.20045276000002,0.0,4.54301,0.8642000000000039,37.2860664883115,0.0,2.468968152999878,0.8950780868530295,1.235410451889038
20.270313136000368,20.35,0.014906167984008789,54.42976376000002,0.0,4.58622,0.8642000000000039,37.54263639326833,0.0,2.598968152999878,2.599999999999998,1.33013916015625
20.319432000999768,20.4,0.012865543365478516,54.66123526000002,0.0,4.62943,0.8642000000000039,37.54263639326833,0.0,2.6334645748138428,0.689928436279299,1.3620859384536743
20.368224372999975,20.45,0.013456106185913086,54.89486726000002,0.0,4.67264,0.8642000000000039,37.813938386821555,0.0,2.7634645748138427,2.599999999999998,1.3934314250946045
20.418182670000533,20.5,0.016232967376708984,55.13065976000002,0.0,4.71585,0.8641999999999861,37.813938386821555,0.0,2.7704954147338867,0.14061679840088104,1.4547501802444458
20.471534682999845,20.55,0.012821435928344727,55.36861276000002,0.0,4.75906,0.8642000000000039,38.09840773803009,0.0,2.8984289169311523,2.5586700439453125,1.4611725807189941
20.517577221000465,20.6,0.010489702224731445,55.60872626000002,0.0,4.80227,0.8642000000000039,38.09840773803009,0.0,2.8984289169311523,0.0,1.452251672744751
20.56559701399965,20.65,0.011584997177124023,55.85086616000002,0.0,4.842798,0.8105600000000024,38.393575236754025,0.0,3.0050289630889893,2.1320009231567383,1.4885491132736206
20.61475254800007,20.7,0.013990402221679688,56.094183160000014,0.0,4.86634,0.47083999999999904,38.393575236754025,0.0,3.0050289630889893,0.0,1.4863009452819824
20.669445827000345,20.75,0.008326292037963867,56.338543160000015,0.0,4.8872,0.4171999999999976,38.69825887969841,0.0,3.100646495819092,1.9123506546020508,1.5101490020751953
20.712990795000223,20.8,0.011532306671142578,56.58394616000002,0.0,4.90806,0.4171999999999976,38.69825887969841,0.0,3.100646495819092,0.0,1.4309030771255493
20.76455053399968,20.85,0.012715816497802734,56.83039216000002,0.0,4.92892,0.4171999999999976,39.01375800784294,0.0,3.218938112258911,2.3658323287963867,1.4511945247650146
20.81736354700024,20.9,0.011538028717041016,57.07788116000002,0.0,4.94978,0.4171999999999976,39.01375800784294,0.0,3.218938112258911,0.0,1.4604988098144531
20.865170322000267,20.95,0.012868642807006836,57.326413160000016,0.0,4.97064,0.41720000000001534,39.339353150835315,0.0,3.301952362060547,1.6602849960327148,1.4867660999298096
20.91751140999986,21.0,0.012140035629272461,57.575988160000016,0.0,4.9915,0.4171999999999976,39.339353150835315,0.0,3.301952362060547,0.0,1.499782919883728
20.966531897000095,21.05,0.014342308044433594,57.82660616000002,0.0,5.01236,0.4171999999999976,39.67275924534643,0.0,3.3855443000793457,1.6718387603759766,1.5269837379455566
21.11888631200054,21.1,0.006951808929443359,58.07826716000002,0.0,5.03322,0.4171999999999976,39.67275924534643,0.0,3.3855443000793457,0.0,1.520586371421814
21.127508333999685,21.15,0.004359006881713867,58.33097116000002,0.0,5.05408,0.4171999999999976,40.0157188127984,0.0,3.4780070781707764,1.8492555618286133,1.576000452041626
21.132218689999718,21.2,0.010096311569213867,58.584718160000016,0.0,5.07494,0.4171999999999976,40.0157188127984,0.0,3.4780070781707764,0.0,1.5776150226593018
21.163313772000038,21.25,0.011428356170654297,58.83935618000002,0.0,5.0927604,0.3564080000000125,40.325516805194304,0.0,3.5756664276123047,1.9531869888305664,1.6204582452774048
21.216160263999882,21.3,0.013279438018798828,59.09392268000002,0.0,5.09133,-0.028608000000005518,40.325516805194304,0.0,3.5756664276123047,0.0,1.5376969575881958
21.26917900799981,21.35,0.010710954666137695,59.34826568000002,0.0,5.08686,-0.08940000000000836,40.68726472108512,0.0,3.6658756732940674,1.804184913635254,1.5088369846343994
21.315270132000478,21.4,0.01245737075805664,59.60238518000002,0.0,5.08239,-0.0893999999999906,40.68726472108512,0.0,3.6658756732940674,0.0,1.5118294954299927
21.36488204499983,21.45,0.015090703964233398,59.85628118000002,0.0,5.07792,-0.08940000000000836,41.059493435118185,0.0,3.7958756732940673,2.599999999999998,0.9866509437561035
21.41964474999986,21.5,0.011261224746704102,60.10995368000002,0.0,5.07345,-0.0893999999999906,41.059493435118185,0.0,3.7982699871063232,0.04788627624511932,1.0118151903152466
21.46443859200008,21.55,0.012827634811401367,60.36340268000002,0.0,5.06898,-0.08940000000000836,41.44340090941906,0.0,3.895573616027832,1.9460725784301758,0.9823501110076904
21.517831903000115,21.6,0.013733386993408203,60.61662818000002,0.0,5.06451,-0.0893999999999906,41.44340090941906,0.0,3.895573616027832,0.0,0.9917026162147522
21.56655111800046,21.65,0.01297616958618164,60.86963018000002,0.0,5.06004,-0.08940000000000836,41.838749020913994,0.0,4.014021396636963,2.368955612182617,1.0086355209350586
21.617711050000253,21.7,0.013169527053833008,61.12240868000002,0.0,5.05557,-0.0893999999999906,41.838749020913994,0.0,4.014021396636963,0.0,0.9840654730796814
21.667870205000327,21.75,0.011403083801269531,61.37496368000002,0.0,5.0511,-0.08940000000000836,42.24500815860703,0.0,4.1193318367004395,2.1062088012695312,1.0187216997146606
21.71524965000026,21.8,0.011010885238647461,61.62729518000002,0.0,5.04663,-0.0893999999999906,42.24500815860703,0.0,4.1193318367004395,0.0,1.0100106000900269
21.76609466700029,21.85,0.013197660446166992,61.879197560000016,0.0,5.0380476,-0.17164800000001534,42.66332645497332,0.0,4.23776912689209,2.368745803833008,1.029273271560669
21.81786941700011,21.9,0.01186370849609375,62.12936856000002,0.0,5.00342,-0.6925519999999885,42.66332645497332,0.0,4.23776912689209,0.0,1.0301753282546997
21.867233308000323,21.95,0.010906457901000977,62.377602560000014,0.0,4.96468,-0.7747999999999955,43.09250675276264,0.0,4.347553253173828,2.1956825256347656,0.8444874286651611
21.915470750000168,22.0,0.011037826538085938,62.62389956000001,0.0,4.92594,-0.7748000000000133,43.09250675276264,0.0,4.347553253173828,0.0,-0.29657599329948425
21.96556071299983,22.05,0.0127105712890625,62.86825956000001,0.0,4.8872,-0.7747999999999955,43.532146703065884,0.0,4.4644012451171875,2.3369598388671875,-0.47975772619247437
22.017701323999972,22.1,0.010399580001831055,63.110682560000015,0.0,4.84846,-0.7747999999999955,43.532146703065884,0.0,4.4644012451171875,0.0,-0.4739414155483246
22.165763425000478,22.15,0.006888389587402344,63.35116856000001,0.0,4.80972,-0.7747999999999955,43.983633645693864,0.0,4.568645477294922,2.0848846435546875,-0.4740193486213684
22.173375975000454,22.2,0.004753828048706055,63.58971756000001,0.0,4.77098,-0.7748000000000133,43.983633645693864,0.0,4.568645477294922,0.0,-0.4912818670272827
22.17842187899987,22.25,0.013366460800170898,63.82632956000001,0.0,4.73224,-0.7747999999999955,44.44454633913255,0.0,4.658180236816406,1.7906951904296875,-0.45071688294410706
22.217566772999817,22.3,0.013170003890991211,64.06100456000001,0.0,4.6935,-0.7747999999999955,44.44454633913255,0.0,4.658180236816406,0.0,-0.48033028841018677
22.268830592000086,22.35,0.01566624641418457,64.29374256000001,0.0,4.65476,-0.7748000000000133,44.915546391915555,0.0,4.746955871582031,1.7755126953125,-0.4637874662876129
22.3191844210005,22.4,0.010545969009399414,64.52454356000001,0.0,4.61602,-0.7747999999999955,44.915546391915555,0.0,4.746955871582031,0.0,-0.43909233808517456
22.364613323000412,22.45,0.012751340866088867,64.75329134000002,0.0,4.5749556,-0.8212879999999956,45.39388947669373,0.0,4.816429138183594,1.38946533203125,-0.46531563997268677
22.41538327699982,22.5,0.012358903884887695,64.97924984000002,0.0,4.51917,-1.115712000000002,45.39388947669373,0.0,4.816429138183594,0.0,-0.42644423246383667
22.46783945399966,22.55,0.011951446533203125,65.20230284000002,0.0,4.46106,-1.1622000000000021,45.39388947669373,0.0,4.816429138183594,0.0,-0.5949004888534546
22.516664364999997,22.6,0.012228727340698242,65.42245034000001,0.0,4.40295,-1.1622000000000021,45.87586903160381,0.0,4.8344807624816895,0.36103248596191406,-2.163686513900757
22.56496125400008,22.65,0.013075590133666992,65.63969234000001,0.0,4.34484,-1.1622000000000021,46.358842601500356,0.0,4.841709136962891,0.14456748962402344,-2.3312747478485107
22.61737984699994,22.7,0.015009403228759766,65.85402884000001,0.0,4.28673,-1.1621999999999844,46.358842601500356,0.0,4.841709136962891,0.0,-2.352229595184326
22.66928718700001,22.75,0.014395475387573242,66.06545984000002,0.0,4.22862,-1.1622000000000021,46.84295375476039,0.0,4.844083786010742,0.04749298095703125,-2.3433444499969482
22.72027561499999,22.8,0.012250185012817383,66.27398534000001,0.0,4.17051,-1.1622000000000021,46.84295375476039,0.0,4.844083786010742,0.0,-2.3463540077209473
22.765355245000137,22.85,0.013573646545410156,66.47960534,0.0,4.1124,-1.1622000000000021,47.32571672166275,0.0,4.82160758972168,-0.44952392578125,-2.309600353240967
22.818142119000186,22.9,0.018984556198120117,66.68231984,0.0,4.05429,-1.1622000000000021,47.32571672166275,0.0,4.82160758972168,0.0,-2.360090732574463
22.874712726000325,22.95,0.020122528076171875,66.88212884000001,0.0,3.99618,-1.1622000000000021,47.80738532539331,0.0,4.816511154174805,-0.1019287109375,-2.318751096725464
22.924037745000533,23.0,0.015961647033691406,67.07903234000001,0.0,3.93807,-1.1621999999999932,47.80738532539331,0.0,4.816511154174805,0.0,-2.277660608291626
22.97108683100032,23.05,0.009556770324707031,67.27298564000002,0.0,3.879066,-1.1800800000000056,48.28885378950905,0.0,4.811655521392822,-0.09711265563964844,-2.308776378631592
23.013556916000198,23.1,0.017550230026245117,67.46370564000001,0.0,3.8144,-1.2933199999999978,48.28885378950905,0.0,4.811655521392822,0.0,-2.234029531478882
23.07193528300013,23.15,0.01702427864074707,67.65114764000002,0.0,3.74884,-1.3112000000000013,48.76647545988524,0.0,4.742592811584473,-1.3812541961669922,-0.03016773611307144
23.222827522000443,23.2,0.0076220035552978516,67.83531164000001,0.0,3.68328,-1.3112000000000013,48.76647545988524,0.0,4.742592811584473,0.0,-0.5047874450683594
23.230896277000284,23.25,0.006853342056274414,68.01619764000002,0.0,3.61772,-1.3112000000000013,49.23410423483845,0.0,4.587203025817871,-3.1077957153320312,-0.5944065451622009
23.23804416100029,23.3,0.009547233581542969,68.19380564000002,0.0,3.55216,-1.3111999999999924,49.23410423483845,0.0,4.587203025817871,0.0,-0.47841882705688477
23.260348754000006,23.35,0.015613794326782227,68.36813564000002,0.0,3.4866,-1.3112000000000013,49.81788819560962,0.0,4.3622030258178714,-4.499999999999993,-0.5395520329475403
23.320257207000395,23.4,0.016038894653320312,68.53918764000002,0.0,3.42104,-1.3112000000000013,49.81788819560962,0.0,4.34114933013916,-0.42107391357422586,-0.5979074835777283
23.372010940999644,23.45,0.015401363372802734,68.70696164000002,0.0,3.35548,-1.3112000000000013,50.23792747075642,0.0,4.1161493301391605,-4.499999999999993,-0.5903785228729248
23.418819909000376,23.5,0.018690109252929688,68.87145764000002,0.0,3.28992,-1.3112000000000013,50.23792747075642,0.0,4.101583480834961,-0.2913169860839915,-0.6702057719230652
23.474706650999906,23.55,0.01478433609008789,69.03267564000002,0.0,3.22436,-1.3112000000000013,50.641289188230054,0.0,4.00847864151001,-1.8620967864990234,-0.6871623396873474
23.518461028000274,23.6,0.021779298782348633,69.19061564000002,0.0,3.1588,-1.3112000000000013,50.641289188230054,0.0,4.00847864151001,0.0,-0.6634813547134399
23.57672503499998,23.65,0.01616668701171875,69.34520612000001,0.0,3.0918096,-1.339807999999998,51.03915558753785,0.0,3.9782755374908447,-0.6040620803833008,-0.7038741707801819
23.620500181999887,23.7,0.016291379928588867,69.49599412000002,0.0,3.01576,-1.5209919999999943,51.03915558753785,0.0,3.9782755374908447,0.0,-0.6749145984649658
23.669243127999835,23.75,0.01736307144165039,69.64290812000002,0.0,2.93828,-1.5496000000000087,51.43537185956828,0.0,3.953925848007202,-0.48699378967285156,-0.7052924036979675
23.723256400000537,23.8,0.014052152633666992,69.78594812000001,0.0,2.8608,-1.5495999999999999,51.43537185956828,0.0,3.953925848007202,0.0,-0.681973397731781
23.76888037400022,23.85,0.017099380493164062,69.92511412000002,0.0,2.78332,-1.5495999999999999,51.827385273084104,0.0,3.8980534076690674,-1.1174488067626953,-0.6940765976905823
23.82162617999984,23.9,0.016846179962158203,70.06040612000002,0.0,2.70584,-1.5495999999999999,51.827385273084104,0.0,3.8980534076690674,0.0,-0.7018252015113831
23.86975440399965,23.95,0.016196012496948242,70.19182412000002,0.0,2.62836,-1.5495999999999999,52.213111456075794,0.0,3.836254596710205,-1.235976219177246,-0.7380697131156921
23.919953882999835,24.0,0.015334129333496094,70.31936812000002,0.0,2.55088,-1.5495999999999999,52.213111456075794,0.0,3.836254596710205,0.0,-0.7107952833175659
23.971500753000328,24.05,0.015619277954101562,70.44303812000003,0.0,2.4734,-1.5495999999999999,52.59318161123611,0.0,3.7890806198120117,-0.9434795379638672,-0.7490890026092529
24.0192581350002,24.1,0.016926288604736328,70.56283412000002,0.0,2.39592,-1.5495999999999999,52.59318161123611,0.0,3.7890806198120117,0.0,-0.6877347826957703
24.072212556000522,24.15,0.01647806167602539,70.67875612000002,0.0,2.31844,-1.5495999999999999,52.96764914816816,0.0,3.7285168170928955,-1.2112760543823242,-0.7273246645927429
24.120389097000043,24.2,0.017158985137939453,70.79080412000002,0.0,2.24096,-1.5495999999999999,52.96764914816816,0.0,3.7285168170928955,0.0,-0.7259842753410339
24.27367157400022,24.25,0.008493185043334961,70.89903176000001,0.0,2.1645528,-1.5281439999999957,53.33501585710446,0.0,3.651092529296875,-1.5484857559204102,-0.7063259482383728
24.282880112000385,24.3,0.007605791091918945,71.00377876000002,0.0,2.09494,-1.392256000000005,53.33501585710446,0.0,3.651092529296875,0.0,-0.6934395432472229
24.290795275000164,24.35,0.007825851440429688,71.10509876000002,0.0,2.0264,-1.370799999999992,53.69531298318126,0.0,3.5838534832000732,-1.3447809219360352,-0.7430016994476318
24.308553146999657,24.4,0.0184481143951416,71.20299176000002,0.0,1.95786,-1.3708000000000053,53.69531298318126,0.0,3.5838534832000732,0.0,-0.8086847066879272
24.372010457000215,24.45,0.01508951187133789,71.29745776000001,0.0,1.88932,-1.3707999999999965,54.04864629298042,0.0,3.512148857116699,-1.4340925216674805,-0.7906384468078613
24.41963017099988,24.5,0.017255544662475586,71.38849676000001,0.0,1.82078,-1.370800000000001,54.04864629298042,0.0,3.512148857116699,0.0,-0.8145380616188049
24.472403886999928,24.55,0.015576601028442383,71.47610876,0.0,1.75224,-1.370800000000001,54.04864629298042,0.0,3.512148857116699,0.0,-0.8282840251922607
24.518881097999838,24.6,0.021021366119384766,71.56029376000001,0.0,1.6837,-1.370800000000001,54.395020613096364,0.0,3.4507126808166504,-1.2287235260009766,-0.8275237679481506
24.576800959999673,24.65,0.016594886779785156,71.64105176000001,0.0,1.61516,-1.370800000000001,54.734119149433866,0.0,3.3813796043395996,-1.3866615295410156,-0.8321341872215271
24.62091907299964,24.7,0.017038583755493164,71.71838276000001,0.0,1.54662,-1.3707999999999965,54.734119149433866,0.0,3.3813796043395996,0.0,-0.8150588870048523
24.67122315100005,24.75,0.015638113021850586,71.79228676000001,0.0,1.47808,-1.370800000000001,55.0666153043279,0.0,3.3197216987609863,-1.2331581115722656,-0.8535956144332886
24.721154509999906,24.8,0.015979290008544922,71.86276376,0.0,1.40954,-1.370800000000001,55.0666153043279,0.0,3.3197216987609863,0.0,-0.8136432766914368
24.77075939400038,24.85,0.016694307327270508,71.93007302000001,0.0,1.3461852,-1.2670959999999987,55.39212936815354,0.0,3.2405683994293213,-1.5830659866333008,-0.8338862657546997
24.82127458800005,24.9,0.017220497131347656,71.99585652,0.0,1.31567,-0.6103040000000037,55.39212936815354,0.0,3.2405683994293213,0.0,-0.8092034459114075
24.871795629999724,24.95,0.01810169219970703,72.06037352,0.0,1.29034,-0.506599999999997,55.71026361119861,0.0,3.1732120513916016,-1.3471269607543945,-0.8595471978187561
24.92251473899978,25.0,0.016370534896850586,72.12362402,0.0,1.26501,-0.5066000000000015,55.71026361119861,0.0,3.1732120513916016,0.0,-0.9476600885391235
24.972477782999704,25.05,0.0182187557220459,72.18560801999999,0.0,1.23968,-0.5066000000000015,56.020934952776585,0.0,3.0927751064300537,-1.608738899230957,-1.0217230319976807
25.021626829000525,25.1,0.01889204978942871,72.24632551999998,0.0,1.21435,-0.506599999999997,56.020934952776585,0.0,3.0927751064300537,0.0,-0.9852199554443359
25.075142505000258,25.15,0.016074180603027344,72.30577651999998,0.0,1.18902,-0.5066000000000015,56.32296609379537,0.0,3.006234645843506,-1.730809211730957,-1.00810706615448
25.12124639800004,25.2,0.02090907096862793,72.36396101999998,0.0,1.16369,-0.5066000000000015,56.32296609379537,0.0,3.006234645843506,0.0,-0.9842633008956909
25.177205873000275,25.25,0.014703512191772461,72.42087901999997,0.0,1.13836,-0.506599999999997,56.61795765663208,0.0,2.9388065338134766,-1.348562240600586,-0.9837955832481384
25.32095772899993,25.3,0.010278463363647461,72.47653051999997,0.0,1.11303,-0.5066000000000015,56.61795765663208,0.0,2.9388065338134766,0.0,-0.9659111499786377
25.33230201600054,25.35,0.007036924362182617,72.53091551999997,0.0,1.0877,-0.5066000000000015,56.90541451639912,0.0,2.855591058731079,-1.6643095016479492,-0.9988633990287781
25.339643195999997,25.4,0.009258270263671875,72.58403401999996,0.0,1.06237,-0.506599999999997,56.90541451639912,0.0,2.855591058731079,0.0,-0.9278666973114014
25.36058624799989,25.45,0.016101837158203125,72.63573403999996,0.0,1.0340004,-0.5673919999999999,57.18514029967675,0.0,2.7815330028533936,-1.481161117553711,-0.9771119356155396
25.42024090599989,25.5,0.017414093017578125,72.68505303999996,0.0,0.986379999999999,-0.9524080000000201,57.18514029967675,0.0,2.7815330028533936,0.0,-0.9222765564918518
25.47015405500042,25.55,0.01605391502380371,72.73183903999995,0.0,0.935719999999998,-1.0132000000000208,57.45577887694081,0.0,2.681867837905884,-1.9933032989501953,-0.9295728802680969
25.521050627000477,25.6,0.01677870750427246,72.77609203999995,0.0,0.885059999999999,-1.0131999999999808,57.45577887694081,0.0,2.681867837905884,0.0,-0.9129822850227356
25.571948869000153,25.65,0.017360210418701172,72.81781203999995,0.0,0.834399999999998,-1.0132000000000185,57.7190023483444,0.0,2.600085973739624,-1.6356372833251953,-0.8248558044433594
25.621833227000025,25.7,0.016974687576293945,72.85699903999995,0.0,0.783739999999998,-1.0132000000000008,57.7190023483444,0.0,2.600085973739624,0.0,-0.7842651009559631
25.671514210999703,25.75,0.017136335372924805,72.89365303999995,0.0,0.733079999999999,-1.0131999999999808,57.97387427718383,0.0,2.5151562690734863,-1.698594093322754,-0.8202805519104004
25.721096973000385,25.8,0.016477108001708984,72.92777403999995,0.0,0.682419999999999,-1.0131999999999985,57.97387427718383,0.0,2.5151562690734863,0.0,-0.7725459933280945
25.770537313000204,25.85,0.015689611434936523,72.95936203999995,0.0,0.63176,-1.0131999999999808,58.22029741779992,0.0,2.435659408569336,-1.5899372100830078,-0.7705079317092896
25.820158382000045,25.9,0.022574186325073242,72.98841703999994,0.0,0.581099999999999,-1.0132000000000208,58.22029741779992,0.0,2.435659408569336,0.0,-0.7722435593605042
25.878390605000277,25.95,0.01623058319091797,73.01493903999994,0.0,0.530439999999999,-1.0131999999999985,58.458271114274716,0.0,2.3430564403533936,-1.8520593643188477,-0.7994048595428467
25.92125855500035,26.0,0.011983394622802734,73.03892803999994,0.0,0.47978,-1.0131999999999808,58.458271114274716,0.0,2.3430564403533936,0.0,-0.7646731734275818
25.966847489999964,26.05,0.015676021575927734,73.06058071999995,0.0,0.433053599999999,-0.93452800000002,58.68841586198511,0.0,2.277294158935547,-1.3152456283569336,-0.7839301824569702
26.020368198999677,26.1,0.01634049415588379,73.08114271999995,0.0,0.41124,-0.4362719999999798,58.68841586198511,0.0,2.277294158935547,0.0,-0.733915388584137
26.06917301500016,26.15,0.019581079483032227,73.10081071999994,0.0,0.39336,-0.35760000000000014,58.91141190795402,0.0,2.197483777999878,-1.596207618713379,-0.6838588118553162
26.12493671500033,26.2,0.016659021377563477,73.11958471999993,0.0,0.37548,-0.35760000000000014,58.91141190795402,0.0,2.197483777999878,0.0,-0.2872254550457001
26.170822259000488,26.25,0.016968965530395508,73.13746471999994,0.0,0.3576,-0.35760000000000014,59.12518082400571,0.0,2.0998122692108154,-1.95343017578125,-0.264852374792099
26.220610264999777,26.3,0.01641845703125,73.15445071999994,0.0,0.339719999999999,-0.357600000000019,59.12518082400571,0.0,2.0998122692108154,0.0,-0.23389245569705963
26.372489735000272,26.35,0.008278608322143555,73.17054271999994,0.0,0.32184,-0.35759999999998016,59.32949395699196,0.0,2.0064713954925537,-1.8668174743652344,-0.22687922418117523
26.382287786000234,26.4,0.007659912109375,73.18574071999994,0.0,0.303959999999999,-0.3576000000000201,59.32949395699196,0.0,2.0064713954925537,0.0,-0.23032362759113312
26.390396781000163,26.45,0.007081747055053711,73.20004471999994,0.0,0.286079999999999,-0.35760000000000014,59.52371903130956,0.0,1.8981797695159912,-2.16583251953125,-0.25810542702674866
26.407862938000108,26.5,0.017801761627197266,73.21345471999993,0.0,0.268199999999999,-0.35760000000000014,59.52371903130956,0.0,1.8981797695159912,0.0,-0.2594451606273651
26.470616173000053,26.55,0.01896977424621582,73.22597071999994,0.0,0.250319999999999,-0.35760000000000014,59.70960943811135,0.0,1.8424118757247925,-1.1153578758239746,-0.2548377811908722
26.523441647000254,26.6,0.013622045516967773,73.23759271999994,0.0,0.232439999999999,-0.3575999999999996,59.70960943811135,0.0,1.8424118757247925,0.0,-0.24613699316978455
26.567377825999756,26.65,0.014384031295776367,73.24849057999994,0.0,0.2179572,-0.2896559999999804,59.890824470769815,0.0,1.809704303741455,-0.654151439666748,-0.2612803280353546
26.61800157900052,26.7,0.02072620391845703,73.25974007999994,0.0,0.224990000000001,0.1406560000000201,59.890824470769815,0.0,1.809704303741455,0.0,-0.26554074883461
26.67530844399971,26.75,0.018923521041870117,73.27151107999994,0.0,0.23542,0.2085999999999799,60.069205240635604,0.0,1.7851659059524536,-0.4907679557800293,-0.2842020094394684
26.723105930999736,26.8,0.015416860580444336,73.28380357999994,0.0,0.245850000000001,0.20860000000002044,60.069205240635604,0.0,1.7851659059524536,0.0,-0.4970861077308655
26.770887151000352,26.85,0.01775336265563965,73.29661757999995,0.0,0.25628,0.2085999999999799,60.245925375012725,0.0,1.7698967456817627,-0.30538320541381836,-0.5420242547988892
26.822125360999962,26.9,0.015457630157470703,73.30995307999994,0.0,0.266710000000001,0.20860000000001988,60.245925375012725,0.0,1.7698967456817627,0.0,-0.5106930732727051
26.86854870499974,26.95,0.018342018127441406,73.32381007999994,0.0,0.27714,0.2085999999999799,60.42125841648113,0.0,1.7585864067077637,-0.22620677947998047,-0.5468046069145203
26.92301061299986,27.0,0.022893905639648438,73.33818857999995,0.0,0.28757,0.2085999999999999,60.42125841648113,0.0,1.7585864067077637,0.0,-0.5186708569526672
26.976805346999754,27.05,0.007543325424194336,73.35308857999995,0.0,0.298,0.2085999999999999,60.59368297349505,0.0,1.7239667177200317,-0.6923937797546387,-0.5248692035675049
27.008376994999708,27.1,0.017162084579467773,73.36851007999995,0.0,0.30843,0.2085999999999999,60.59368297349505,0.0,1.7239667177200317,0.0,-0.5124303698539734
27.07370978900053,27.15,0.016843318939208984,73.38445307999994,0.0,0.31886,0.2085999999999999,60.76243339520838,0.0,1.6827483177185059,-0.8243680000305176,-0.5125595927238464
27.121420549000504,27.2,0.019314289093017578,73.40091757999994,0.0,0.32929,0.208600000000001,60.76243339520838,0.0,1.6827483177185059,0.0,-0.5052415728569031
27.175373897999634,27.25,0.011913537979125977,73.41827011999995,0.0,0.3470508,0.3552159999999993,60.92690077938742,0.0,1.6351805925369263,-0.9513545036315918,-0.5205363035202026
27.215605575000154,27.3,0.012490987777709961,73.43883211999994,0.0,0.411240000000002,1.28378400000004,60.92690077938742,0.0,1.6351805925369263,0.0,-0.49159133434295654
27.26848783600053,27.35,0.011656045913696289,73.46297011999994,0.0,0.482760000000001,1.4303999999999806,61.08675972310771,0.0,1.5872243642807007,-0.9591245651245117,-0.46950215101242065
27.41651992700008,27.4,0.007492780685424805,73.49068411999994,0.0,0.554280000000002,1.4304000000000194,61.08675972310771,0.0,1.5872243642807007,0.0,-0.2152995616197586
27.42482152499997,27.45,0.004232645034790039,73.52197411999994,0.0,0.625800000000001,1.4303999999999806,61.24147284849444,0.0,1.539596676826477,-0.9525537490844727,-0.20665329694747925
27.429436964999695,27.5,0.011117696762084961,73.55684011999993,0.0,0.69732,1.4303999999999806,61.24147284849444,0.0,1.539596676826477,0.0,-0.19779141247272491
27.463519261999863,27.55,0.012412548065185547,73.59528211999994,0.0,0.768840000000001,1.4304000000000183,61.39172384144388,0.0,1.4965887069702148,-0.8601593971252441,-0.2109215408563614
27.516565675000493,27.6,0.010776519775390625,73.63730011999994,0.0,0.84036,1.4303999999999806,61.39172384144388,0.0,1.4965887069702148,0.0,-0.2122056931257248
27.5652764080005,27.65,0.015071868896484375,73.68289411999993,0.0,0.911880000000001,1.4304000000000205,61.5361790952869,0.0,1.46446692943573,-0.6424355506896973,-0.21318207681179047
27.619812232000186,27.7,0.012487173080444336,73.73206411999993,0.0,0.983400000000001,1.4304000000000006,61.5361790952869,0.0,1.46446692943573,0.0,-0.21891173720359802
27.668274487000417,27.75,0.014863729476928711,73.78481011999993,0.0,1.05492,1.4303999999999806,61.67780208940398,0.0,1.4483897686004639,-0.32154321670532227,-0.21960380673408508
27.719113527000445,27.8,0.011256217956542969,73.84113211999993,0.0,1.12644,1.4304000000000006,61.67780208940398,0.0,1.4483897686004639,0.0,-0.21608379483222961
27.76579599300021,27.85,0.011812210083007812,73.90105693999993,0.0,1.1984964,1.4411279999999982,61.818207687781396,0.0,1.4373860359191895,-0.22007465362548828,-0.22369010746479034
27.816131753000263,27.9,0.013650655746459961,73.96475443999994,0.0,1.27395,1.509071999999998,61.818207687781396,0.0,1.4373860359191895,0.0,-0.22419433295726776
27.86985780299983,27.95,0.012635946273803711,74.03225143999994,0.0,1.34994,1.5198,61.957234515068244,0.0,1.4208022356033325,-0.33167600631713867,-0.20817352831363678
27.91742488,28.0,0.013125896453857422,74.10354793999994,0.0,1.42593,1.5198,61.957234515068244,0.0,1.4208022356033325,0.0,0.008348619565367699
27.968223543000022,28.05,0.012174129486083984,74.17864393999994,0.0,1.50192,1.5198,62.09523500131445,0.0,1.4145301580429077,-0.1254415512084961,-1.6645301580429077
28.016855847999977,28.1,0.013034820556640625,74.25753943999995,0.0,1.57791,1.5198,62.09523500131445,0.0,1.4145301580429077,0.0,-1.6584748029708862
28.066020643999764,28.15,0.012578010559082031,74.34023443999995,0.0,1.6539,1.5198,62.23259392467016,0.0,1.4084748029708862,-0.12110710144042969,-1.6584748029708862
28.117710557000464,28.2,0.016228437423706055,74.42672893999995,0.0,1.72989,1.5198,62.23259392467016,0.0,1.4084748029708862,0.0,-1.6585955619812012
28.172416145999705,28.25,0.012434244155883789,74.51702293999995,0.0,1.80588,1.5198,62.36989737825435,0.0,1.4085955619812012,0.002415180206298828,-1.6585955619812012
28.21651045500039,28.3,0.013554811477661133,74.61111643999995,0.0,1.88187,1.5198,62.36989737825435,0.0,1.4085955619812012,0.0,-1.6406545639038086
28.26836740500039,28.35,0.014594078063964844,74.70900943999995,0.0,1.95786,1.5198,62.505855051844485,0.0,1.3906545639038086,-0.35881996154785156,-1.6406545639038086
28.318450509000286,28.4,0.012678384780883789,74.81070193999994,0.0,2.03385,1.5198000000000045,62.505855051844485,0.0,1.3906545639038086,0.0,-1.5280612707138062
28.468388047999724,28.45,0.007868289947509766,74.91618499999994,0.0,2.1096612,1.5162239999999994,62.63995471011793,0.0,1.3238798379898071,-1.3354945182800293,-1.468684196472168
28.478374536000047,28.5,0.004321098327636719,75.02540199999994,0.0,2.18434,1.493576000000001,62.63995471011793,0.0,1.3238798379898071,0.0,-1.3939546346664429
28.48310514700006,28.55,0.011224508285522461,75.13834399999995,0.0,2.25884,1.4900000000000002,62.76408590964282,0.0,1.1970394849777222,-2.536807060241699,-1.1617592573165894
28.515544044999842,28.6,0.011828422546386719,75.25501099999995,0.0,2.33334,1.4900000000000002,62.76408590964282,0.0,1.1970394849777222,0.0,1.048622965812683
28.56779094600006,28.65,0.011799812316894531,75.37540299999995,0.0,2.40784,1.4900000000000002,62.87685062551332,0.0,1.0579296350479126,-2.7821969985961914,1.0511261224746704
28.615011056000185,28.7,0.01489567756652832,75.49951999999995,0.0,2.48234,1.4900000000000002,62.87685062551332,0.0,1.0579296350479126,0.0,1.070324420928955
28.66990749999968,28.75,0.011971235275268555,75.62736199999995,0.0,2.55684,1.4899999999999913,62.97689300063237,0.0,0.9397306442260742,-2.3639798164367676,1.2204538583755493
28.716600724000273,28.8,0.0075266361236572266,75.75892899999995,0.0,2.63134,1.4900000000000002,62.97689300063237,0.0,0.9397306442260742,0.0,1.2788894176483154
28.76184943899989,28.85,0.010520219802856445,75.89422099999996,0.0,2.70584,1.4900000000000002,63.06645627605262,0.0,0.8577219843864441,-1.6401731967926025,1.2709027528762817
28.81511910500012,28.9,0.009319305419921875,76.03323799999995,0.0,2.78034,1.4900000000000002,63.06645627605262,0.0,0.8577219843864441,0.0,1.2982378005981445
28.862046303999705,28.95,0.012235641479492188,76.17597999999995,0.0,2.85484,1.4900000000000002,63.15199408266471,0.0,0.8508049249649048,-0.13834118843078613,1.3047637939453125
28.917393427000206,29.0,0.012354612350463867,76.32244699999995,0.0,2.92934,1.4900000000000002,63.15199408266471,0.0,0.8508049249649048,0.0,1.280516505241394
28.966408146000504,29.05,0.01325225830078125,76.47263005999996,0.0,3.0036612,1.4864239999999995,63.23855870209566,0.0,0.8823434114456177,0.6307697296142578,1.2873684167861938
29.01781576600024,29.1,0.01068425178527832,76.62647255999995,0.0,3.07685,1.463776000000001,63.23855870209566,0.0,0.8823434114456177,0.0,1.2486990690231323
29.065876569000466,29.15,0.009711265563964844,76.78396555999996,0.0,3.14986,1.4602000000000004,63.33140108808481,0.0,0.9764893651008606,1.8829190731048584,1.257133960723877
29.113949464000143,29.2,0.010848283767700195,76.94510905999995,0.0,3.22287,1.4602000000000004,63.33140108808481,0.0,0.9764893651008606,0.0,1.3153551816940308
29.166090661000453,29.25,0.013410329818725586,77.10990305999995,0.0,3.29588,1.4602000000000004,63.436073484254486,0.0,1.1064893651008605,2.599999999999998,1.3386958837509155
29.218126026999926,29.3,0.01111602783203125,77.27834755999996,0.0,3.36889,1.4602000000000004,63.436073484254486,0.0,1.1258012056350708,0.38623681068420623,1.2765216827392578
29.26642135400016,29.35,0.012042999267578125,77.45044255999996,0.0,3.4419,1.4602000000000004,63.558899289054075,0.0,1.2558012056350707,2.599999999999998,1.3043962717056274
29.317865478000385,29.4,0.012882232666015625,77.62618805999996,0.0,3.51491,1.4602000000000004,63.558899289054075,0.0,1.328959345817566,1.4631628036499045,1.2473691701889038
29.36591847300042,29.45,0.011558294296264648,77.80558405999996,0.0,3.58792,1.4602000000000004,63.702560794659796,0.0,1.4589593458175658,2.599999999999998,1.286637306213379
29.516184660999897,29.5,0.0096588134765625,77.98863055999996,0.0,3.66093,1.4602000000000004,63.702560794659796,0.0,1.5422699451446533,1.6662119865417502,1.3384166955947876
29.526916908000203,29.55,0.008251667022705078,78.17532755999996,0.0,3.73394,1.4602000000000004,63.86710861224108,0.0,1.6722699451446532,2.599999999999998,1.2874131202697754
29.537570839999717,29.6,0.009313583374023438,78.36567505999996,0.0,3.80695,1.4602000000000004,63.86710861224108,0.0,1.7490971088409424,1.5365432739257834,1.206146001815796
29.56453304200022,29.65,0.012416362762451172,78.55961047999996,0.0,3.8787084,1.4351679999999956,64.05062441498073,0.0,1.8790971088409423,2.599999999999998,1.2758467197418213
29.61640266700033,29.7,0.01026153564453125,78.75673747999996,0.0,3.94254,1.2766320000000064,64.05062441498073,0.0,1.9398441314697266,1.2149404525756857,1.1560709476470947
29.665814062999743,29.75,0.013243675231933594,78.95699347999995,0.0,4.00512,1.2515999999999927,64.25424672101397,0.0,2.0698441314697265,2.599999999999998,1.1552876234054565
29.717866017000233,29.8,0.011691093444824219,79.16037847999995,0.0,4.0677,1.2516000000000105,64.25424672101397,0.0,2.14747953414917,1.5527080535888693,1.1518181562423706
29.764622509999754,29.85,0.012659788131713867,79.36689247999995,0.0,4.13028,1.2515999999999927,64.47711854829019,0.0,2.27747953414917,2.599999999999998,1.2108582258224487
29.817916156999672,29.9,0.012754440307617188,79.57653547999995,0.0,4.19286,1.2515999999999927,64.47711854829019,0.0,2.333296298980713,1.1163352966308615,1.200235366821289
29.86836208800014,29.95,0.012120485305786133,79.78930747999995,0.0,4.25544,1.2516000000000105,64.71673350525776,0.0,2.463296298980713,2.599999999999998,1.241258978843689
29.91605609599992,30.0,0.017577171325683594,80.00520847999995,0.0,4.31802,1.2515999999999927,64.71673350525776,0.0,2.492579460144043,0.5856632232666037,1.203300952911377
29.97228263299985,30.05,0.014379739761352539,80.22423847999995,0.0,4.3806,1.2516000000000105,64.97201683539888,0.0,2.622579460144043,2.599999999999998,1.2852234840393066
30.018259788999785,30.1,0.015045881271362305,80.44639747999996,0.0,4.44318,1.2515999999999927,64.97201683539888,0.0,2.645617723464966,0.46076526641845916,1.2586817741394043
30.069382317999953,30.15,0.013025045394897461,80.67168547999997,0.0,4.50576,1.2516000000000105,65.24133012209418,0.0,2.771834135055542,2.5243282318115234,1.3324257135391235
30.11900284800049,30.2,0.01245427131652832,80.90010247999996,0.0,4.56834,1.2515999999999927,65.24133012209418,0.0,2.771834135055542,0.0,1.334312081336975
30.168296970000483,30.25,0.01508784294128418,81.13143391999996,0.0,4.6266288,1.165775999999994,65.52257571737007,0.0,2.886803388595581,2.2993850708007812,1.3512190580368042
30.219904004000455,30.3,0.011695623397827148,81.36432091999997,0.0,4.65774,0.6222240000000134,65.52257571737007,0.0,2.886803388595581,0.0,1.356882929801941
30.26623942399965,30.35,0.016976594924926758,81.59854891999997,0.0,4.68456,0.5363999999999969,65.81434496273094,0.0,2.990278482437134,2.0695018768310547,1.4204472303390503
30.320851186000255,30.4,0.012000322341918945,81.83411791999997,0.0,4.71138,0.5363999999999969,65.81434496273094,0.0,2.990278482437134,0.0,1.4052726030349731
30.367625584000052,30.45,0.011458873748779297,82.07102791999996,0.0,4.7382,0.5363999999999969,66.11711962330544,0.0,3.100766897201538,2.209768295288086,1.41751229763031
30.415346558000238,30.5,0.014303207397460938,82.30927891999997,0.0,4.76502,0.5363999999999969,66.11711962330544,0.0,3.100766897201538,0.0,1.504729151725769
30.569793894999748,30.55,0.00650477409362793,82.54887091999997,0.0,4.79184,0.5363999999999969,66.42988021909665,0.0,3.194854736328125,1.8817567825317383,1.4981813430786133
30.57719646300029,30.6,0.004168510437011719,82.78980391999997,0.0,4.81866,0.5364000000000146,66.42988021909665,0.0,3.194854736328125,0.0,1.5000735521316528
30.581704563999665,30.65,0.013124465942382812,83.03207791999996,0.0,4.84548,0.5363999999999969,66.75102226298381,0.0,3.275909423828125,1.62109375,1.5425130128860474
30.61740727200049,30.7,0.009798526763916016,83.27569291999997,0.0,4.8723,0.5363999999999969,66.75102226298381,0.0,3.275909423828125,0.0,1.5560907125473022
30.662451684999724,30.75,0.016323089599609375,83.52064891999997,0.0,4.89912,0.5363999999999969,67.08071123431058,0.0,3.3674607276916504,1.8310260772705078,1.5628515481948853
30.72102438300044,30.8,0.012165307998657227,83.76694591999997,0.0,4.92594,0.5363999999999969,67.08071123431058,0.0,3.3674607276916504,0.0,1.4869416952133179
30.766939852999712,30.85,0.009356975555419922,84.01444981999997,0.0,4.950078,0.4827600000000132,67.4193839721961,0.0,3.4524362087249756,1.699509620666504,1.6091684103012085
30.810558453999874,30.9,0.005492448806762695,84.26231131999997,0.0,4.95723,0.14303999999999206,67.4193839721961,0.0,3.4524362087249756,0.0,1.6346304416656494
30.858442255000227,30.95,0.015288352966308594,84.51039631999997,0.0,4.9617,0.08940000000000836,67.76628514880478,0.0,3.5430095195770264,1.8114662170410156,1.607429027557373
30.919139419999738,31.0,0.014995098114013672,84.75870481999996,0.0,4.96617,0.0893999999999906,67.76628514880478,0.0,3.5430095195770264,0.0,1.3280268907546997
30.970736440999644,31.05,0.012776613235473633,85.00723681999996,0.0,4.97064,0.08940000000000836,68.12354123349363,0.0,3.6547317504882812,2.2344446182250977,1.2905545234680176
31.017763771999853,31.1,0.01364445686340332,85.25599231999996,0.0,4.97511,0.0893999999999906,68.12354123349363,0.0,3.6547317504882812,0.0,1.2876040935516357
31.067710082000303,31.15,0.0167086124420166,85.50497131999997,0.0,4.97958,0.08940000000000836,68.49179768879206,0.0,3.7668850421905518,2.24306583404541,1.3134095668792725
31.12134592700022,31.2,0.015042781829833984,85.75417381999996,0.0,4.98405,0.0893999999999906,68.49179768879206,0.0,3.7668850421905518,0.0,1.3054057359695435
31.168187885000407,31.25,0.015579462051391602,86.00359981999996,0.0,4.98852,0.08940000000000836,68.87149078403306,0.0,3.8869073390960693,2.4004459381103516,1.3454827070236206
31.219788264999806,31.3,0.01375889778137207,86.25324931999997,0.0,4.99299,0.0893999999999906,68.87149078403306,0.0,3.8869073390960693,0.0,1.3127082586288452
31.268734471000244,31.35,0.013469934463500977,86.50312231999996,0.0,4.99746,0.08940000000000836,69.26316272523411,0.0,4.005725383758545,2.3763608932495117,1.338625431060791
31.31777224400048,31.4,0.013431072235107422,86.75321881999996,0.0,5.00193,0.0893999999999906,69.26316272523411,0.0,4.005725383758545,0.0,1.3649921417236328
31.368550463000247,31.45,0.014747142791748047,87.00343153999995,0.0,5.0042544,0.046488000000000085,69.66695297936522,0.0,4.135098457336426,2.587461471557617,1.361221194267273
31.418620178999845,31.5,0.014389514923095703,87.25308103999996,0.0,4.99299,-0.22528799999999904,69.66695297936522,0.0,4.135098457336426,0.0,1.3546608686447144
31.46898253299969,31.55,0.013298988342285156,87.50206003999996,0.0,4.97958,-0.26819999999998956,70.0822143799821,0.0,4.249813556671143,2.294301986694336,1.2215266227722168
31.617842136000036,31.6,0.009380102157592773,87.75036853999995,0.0,4.96617,-0.2682000000000073,70.0822143799821,0.0,4.249813556671143,0.0,0.08028517663478851
31.62952119200054,31.65,0.005245685577392578,87.99800653999995,0.0,4.95276,-0.2682000000000073,70.50810302834175,0.0,4.367330551147461,2.350339889526367,-0.18305662274360657
31.63535707600022,31.7,0.009273529052734375,88.24497403999995,0.0,4.93935,-0.26819999999998956,70.50810302834175,0.0,4.367330551147461,0.0,-0.1986214518547058
31.66389528200034,31.75,0.004360675811767578,88.49127103999994,0.0,4.92594,-0.2682000000000073,70.94627240047674,0.0,4.493040084838867,2.514190673828125,-0.1919388622045517
31.706586981999862,31.8,0.010859489440917969,88.73689753999994,0.0,4.91253,-0.26819999999998956,70.94627240047674,0.0,4.493040084838867,0.0,-0.20525191724300385
31.766158835999704,31.85,0.01269221305847168,88.98185353999995,0.0,4.89912,-0.2682000000000073,71.39540102425468,0.0,4.607020378112793,2.2796058654785156,-0.2188601791858673
31.817209281000032,31.9,0.010735034942626953,89.22613903999995,0.0,4.88571,-0.26819999999998956,71.39540102425468,0.0,4.607020378112793,0.0,-0.19427455961704254
31.863689253000302,31.95,0.012554168701171875,89.46975403999996,0.0,4.8723,-0.2682000000000073,71.8553147501456,0.0,4.718283653259277,2.2252655029296875,-0.17322370409965515
31.917000510000435,32.0,0.013591766357421875,89.71269853999995,0.0,4.85889,-0.2682000000000073,71.8553147501456,0.0,4.718283653259277,0.0,-0.1593848019838333
31.9686386100002,32.05,0.014169454574584961,89.95481161999994,0.0,4.8422616,-0.332568000000002,72.32457802175254,0.0,4.799489974975586,1.6241264343261719,-0.14532580971717834
32.017931629000486,32.1,0.01033163070678711,90.19507411999994,0.0,4.80525,-0.7402319999999918,72.32457802175254,0.0,4.799489974975586,0.0,-0.14909683167934418
32.06595122500039,32.15,0.01343679428100586,90.43332511999995,0.0,4.76502,-0.8046000000000042,72.79961290285831,0.0,4.852754592895508,1.0652923583984375,-0.31423404812812805
32.1164383739997,32.2,0.009604215621948242,90.66956461999995,0.0,4.72479,-0.8046000000000042,72.79961290285831,0.0,4.852754592895508,0.0,-1.4542568922042847
32.165161760000046,32.25,0.012748956680297852,90.90379261999995,0.0,4.68456,-0.8045999999999864,73.28027779433113,0.0,4.903076648712158,1.0064411163330078,-1.6801536083221436
32.217042172999754,32.3,0.014548301696777344,91.13600911999995,0.0,4.64433,-0.8046000000000042,73.28027779433113,0.0,4.903076648712158,0.0,-1.7001478672027588
32.26985767499991,32.35,0.012378454208374023,91.36621411999995,0.0,4.6041,-0.8046000000000042,73.76279246770292,0.0,4.907723903656006,0.09294509887695312,-1.6715526580810547
32.317670512000404,32.4,0.013224363327026367,91.59440761999996,0.0,4.56387,-0.8046000000000042,73.76279246770292,0.0,4.907723903656006,0.0,-1.6747775077819824
32.36804105400006,32.45,0.011305093765258789,91.82058961999995,0.0,4.52364,-0.8045999999999864,74.24709550945612,0.0,4.929174423217773,0.42901039123535156,-1.6774550676345825
32.417076917000486,32.5,0.011588096618652344,92.04476011999995,0.0,4.48341,-0.8046000000000042,74.24709550945612,0.0,4.929174423217773,0.0,-1.6527626514434814
32.464274646000376,32.55,0.013347864151000977,92.26691911999995,0.0,4.44318,-0.8046000000000042,74.73201385499097,0.0,4.940402984619141,0.22457122802734375,-1.6351637840270996
32.51814753300005,32.6,0.012497425079345703,92.48706661999995,0.0,4.40295,-0.8046000000000042,74.73201385499097,0.0,4.940402984619141,0.0,-1.6662499904632568
32.6686509430001,32.65,0.006697177886962891,92.70506851999995,0.0,4.360038,-0.8582399999999879,75.21650899453978,0.0,4.922162055969238,-0.3648185729980469,-1.6288317441940308
32.67625934199987,32.7,0.004024028778076172,92.92007551999995,0.0,4.30014,-1.197960000000009,75.21650899453978,0.0,4.922162055969238,0.0,-1.5979180335998535
32.680605694000405,32.75,0.014841318130493164,93.13195351999995,0.0,4.23756,-1.2515999999999927,75.70117870823636,0.0,4.934302806854248,0.2428150177001953,-1.737019419670105
32.71930477400019,32.8,0.011199951171875,93.34070251999995,0.0,4.17498,-1.2516000000000105,75.70117870823636,0.0,4.934302806854248,0.0,-0.1357187181711197
32.76707232900026,32.85,0.014662027359008789,93.54632251999995,0.0,4.1124,-1.2515999999999927,76.18133648090871,0.0,4.835534572601318,-1.9753646850585938,-0.13454224169254303
32.819029725999826,32.9,0.013286113739013672,93.74881351999994,0.0,4.04982,-1.2515999999999927,76.18133648090871,0.0,4.835534572601318,0.0,-0.09534291923046112
32.868793132000064,32.95,0.013884544372558594,93.94817551999994,0.0,3.98724,-1.2516000000000105,76.64669150724002,0.0,4.641249656677246,-3.8856983184814453,-0.18555691838264465
32.917688790000284,33.0,0.014146566390991211,94.14440851999994,0.0,3.92466,-1.2516000000000016,76.64669150724002,0.0,4.641249656677246,0.0,-0.1311335265636444
32.969610707000356,33.05,0.013425350189208984,94.33751251999995,0.0,3.86208,-1.2515999999999927,77.08959810007586,0.0,4.440134525299072,-4.022302627563477,-0.19236235320568085
33.01797252000051,33.1,0.014817953109741211,94.52748751999995,0.0,3.7995,-1.2516000000000016,77.08959810007586,0.0,4.440134525299072,0.0,-0.1865752637386322
33.069093535999855,33.15,0.014461755752563477,94.71433351999995,0.0,3.73692,-1.2516000000000016,77.51470255203681,0.0,4.303406715393066,-2.734556198120117,-0.170902281999588
33.118196295000416,33.2,0.012068986892700195,94.89805051999996,0.0,3.67434,-1.2516000000000016,77.51470255203681,0.0,4.303406715393066,0.0,-0.19757017493247986
33.1650210759999,33.25,0.01323080062866211,95.07856699999995,0.0,3.6103296,-1.2802079999999982,77.93336559447695,0.0,4.269164085388184,-0.6848526000976562,-0.19359320402145386
33.21791426300024,33.3,0.011474847793579102,95.25542999999995,0.0,3.53726,-1.4613920000000036,77.93336559447695,0.0,4.269164085388184,0.0,-0.1947697252035141
33.26669457600019,33.35,0.015802383422851562,95.42856799999994,0.0,3.46276,-1.4900000000000002,78.35209997451358,0.0,4.288442611694336,0.3855705261230469,-0.25891950726509094
33.31947978300013,33.4,0.01243901252746582,95.59798099999995,0.0,3.38826,-1.4900000000000002,78.35209997451358,0.0,4.288442611694336,0.0,-0.827750027179718
33.368498433999775,33.45,0.012989997863769531,95.76366899999995,0.0,3.31376,-1.4900000000000002,78.77089531986014,0.0,4.2825422286987305,-0.11800765991210938,-0.9549273252487183
33.4168055629998,33.5,0.01190042495727539,95.92563199999995,0.0,3.23926,-1.4900000000000002,78.77089531986014,0.0,4.2825422286987305,0.0,-0.9383192658424377
33.466973986000085,33.55,0.01221776008605957,96.08386999999995,0.0,3.16476,-1.4900000000000002,79.18784997811181,0.0,4.266502857208252,-0.3207874298095703,-0.9570016264915466
33.51674587399975,33.6,0.011367559432983398,96.23838299999994,0.0,3.09026,-1.4900000000000002,79.18784997811181,0.0,4.266502857208252,0.0,-0.9395886063575745
33.566128618999755,33.65,0.009980916976928711,96.38917099999995,0.0,3.01576,-1.4899999999999913,79.60100564850102,0.0,4.2331438064575195,-0.6671810150146484,-0.8076484799385071
33.71394197900008,33.7,0.00863790512084961,96.53623399999995,0.0,2.94126,-1.4900000000000002,79.60100564850102,0.0,4.2331438064575195,0.0,-0.8062626123428345
33.72477962500034,33.75,0.004547119140625,96.67957199999995,0.0,2.86676,-1.4900000000000002,80.00979806303327,0.0,4.1558051109313965,-1.546773910522461,-0.8418022990226746
33.72976730699975,33.8,0.012778759002685547,96.81918499999995,0.0,2.79226,-1.4900000000000002,80.00979806303327,0.0,4.1558051109313965,0.0,-0.7903156280517578
33.76616351099983,33.85,0.013556957244873047,96.95499253999995,0.0,2.71615079999999,-1.5221840000002018,80.40919306254938,0.0,4.062766075134277,-1.8607807159423828,-0.8291128873825073
33.81832884800042,33.9,0.012405872344970703,97.08648503999994,0.0,2.62984999999999,-1.7260160000000013,80.40919306254938,0.0,4.062766075134277,0.0,-0.7845401167869568
33.86596749399996,33.95,0.014165401458740234,97.21358203999995,0.0,2.54193999999999,-1.7581999999999987,80.79820661356138,0.0,3.963195562362671,-1.991410255432129,-0.7883747220039368
33.91777347599964,34.0,0.012595415115356445,97.33628353999995,0.0,2.45403,-1.7581999999998033,80.79820661356138,0.0,3.963195562362671,0.0,-0.7057002186775208
33.968732381000336,34.05,0.012514829635620117,97.45458953999996,0.0,2.36611999999999,-1.758200000000203,81.17733117285513,0.0,3.857844829559326,-2.1070146560668945,-0.9605119228363037
34.01699522600029,34.1,0.012703418731689453,97.56850003999996,0.0,2.27821,-1.7581999999997944,81.17733117285513,0.0,3.857844829559326,0.0,-0.8943511247634888
34.065827530000206,34.15,0.015837430953979492,97.67801503999996,0.0,2.1903,-1.7581999999999987,81.54938143531662,0.0,3.81005597114563,-0.9557771682739258,-0.8988365530967712
34.121303764000004,34.2,0.014485836029052734,97.78313453999996,0.0,2.10239,-1.7581999999999987,81.54938143531662,0.0,3.81005597114563,0.0,-0.9203725457191467
34.16893730100037,34.25,0.01208353042602539,97.88385853999996,0.0,2.01448,-1.7582000000000075,81.9141448235095,0.0,3.714913845062256,-1.9028425216674805,-0.9365113377571106
34.21751828000015,34.3,0.012673139572143555,97.98018703999996,0.0,1.92657,-1.7581999999999987,81.9141448235095,0.0,3.714913845062256,0.0,-0.8943301439285278
34.265208777000225,34.35,0.012104511260986328,98.07212003999996,0.0,1.83866,-1.7581999999999987,82.27166786392563,0.0,3.6498377323150635,-1.3015222549438477,-0.9087697863578796
34.31665405700005,34.4,0.013059377670288086,98.15965753999996,0.0,1.75075,-1.7581999999999987,82.27166786392563,0.0,3.6498377323150635,0.0,-0.8947226405143738
34.367478076000225,34.45,0.01194453239440918,98.24294257999996,0.0,1.6657008,-1.700984000000001,82.62113085377527,0.0,3.566577911376953,-1.665196418762207,-0.9301713109016418
34.41692512100053,34.5,0.013672590255737305,98.32288107999996,0.0,1.59877,-1.3386159999999991,82.62113085377527,0.0,3.566577911376953,0.0,-0.9102646112442017
34.46831065199967,34.55,0.012391090393066406,98.39961607999996,0.0,1.5347,-1.2814000000000014,82.96225455789393,0.0,3.492527484893799,-1.481008529663086,-0.9409911036491394
34.51596724800038,34.6,0.013002395629882812,98.47314757999996,0.0,1.47063,-1.281399999999997,82.96225455789393,0.0,3.492527484893799,0.0,-1.0622884035110474
34.56825677600045,34.65,0.01159358024597168,98.54347557999996,0.0,1.40656,-1.2814000000000014,84.09672133986578,0.0,3.4000208377838135,-1.850132942199707,-1.1141245365142822
34.615399702000104,34.7,0.010859489440917969,98.61060007999997,0.0,1.34249,-1.2814000000000014,84.09672133986578,0.0,3.4000208377838135,0.0,-1.0678927898406982
34.76424382000005,34.75,0.008856058120727539,98.67452107999996,0.0,1.27842,-1.2814000000000014,84.43159455645572,0.0,3.3139216899871826,-1.7219829559326172,-1.0982478857040405
34.77558527899964,34.8,0.005136013031005859,98.73523857999996,0.0,1.21435,-1.281399999999997,84.43159455645572,0.0,3.3139216899871826,0.0,-1.063534140586853
34.78120907799985,34.85,0.011922359466552734,98.79275257999996,0.0,1.15028,-1.2814000000000014,84.75792606512105,0.0,3.233623504638672,-1.6059637069702148,-1.0937453508377075
34.815767558000516,34.9,0.014070749282836914,98.84706307999996,0.0,1.08621,-1.2814000000000014,84.75792606512105,0.0,3.233623504638672,0.0,-1.039462924003601
34.8690958520001,34.95,0.013711690902709961,98.89817007999996,0.0,1.02214,-1.281399999999997,85.0764744875092,0.0,3.147217273712158,-1.7281246185302734,-1.0486935377120972
34.91777249500046,35.0,0.01232457160949707,98.94607357999996,0.0,0.95807,-1.2814000000000014,85.0764744875092,0.0,3.147217273712158,0.0,-1.0061028003692627
34.966834206000385,35.05,0.01340794563293457,98.99097025999995,0.0,0.897933599999999,-1.2027280000000196,85.38511499039194,0.0,3.0474889278411865,-1.9945669174194336,-1.0275049209594727
35.01729128599982,35.1,0.012934446334838867,99.03410575999996,0.0,0.86271,-0.7044719999999804,85.38511499039194,0.0,3.0474889278411865,0.0,-1.0341047048568726
35.0677007029999,35.15,0.010215520858764648,99.07567675999996,0.0,0.831419999999999,-0.6258000000000186,85.68497750555669,0.0,2.9585633277893066,-1.7785120010375977,-1.0763827562332153
35.113851789000364,35.2,0.012977838516235352,99.11568325999997,0.0,0.800129999999999,-0.6258000000000008,85.68497750555669,0.0,2.9585633277893066,0.0,-1.6241137981414795
35.16779738399964,35.25,0.01157999038696289,99.15412525999997,0.0,0.76884,-0.6257999999999808,85.97526125887984,0.0,2.859070301055908,-1.9898605346679688,-2.025120496749878
35.21672231800039,35.3,0.012358665466308594,99.19100275999998,0.0,0.737549999999999,-0.6258000000000186,85.97526125887984,0.0,2.859070301055908,0.0,-1.826515555381775
35.26687944600053,35.35,0.011531591415405273,99.22631575999998,0.0,0.706259999999999,-0.6258000000000008,86.25582583677328,0.0,2.769923448562622,-1.7829370498657227,-2.12324595451355
35.31805406900003,35.4,0.010663747787475586,99.26006425999998,0.0,0.674969999999999,-0.6258000000000008,86.25582583677328,0.0,2.769923448562622,0.0,-1.8348723649978638
35.36337699500018,35.45,0.016823768615722656,99.29224825999998,0.0,0.643679999999999,-0.6257999999999986,86.52685412744808,0.0,2.6722493171691895,-1.9534826278686523,-1.9275994300842285
35.42173989599996,35.5,0.010633468627929688,99.32286775999998,0.0,0.612389999999999,-0.6258000000000008,86.52685412744808,0.0,2.6722493171691895,0.0,-1.89279043674469
35.46457530299995,35.55,0.013060569763183594,99.35192275999998,0.0,0.581099999999998,-0.6258000000000208,86.78641870368394,0.0,2.5233447551727295,-2.978091239929199,-2.023630142211914
35.51840675600033,35.6,0.011776447296142578,99.37941325999998,0.0,0.549809999999998,-0.6257999999999986,86.78641870368394,0.0,2.5233447551727295,0.0,-1.5698331594467163
35.56550900399998,35.65,0.013838052749633789,99.40548229999997,0.0,0.521380799999999,-0.5685839999999809,87.02882597802173,0.0,2.353734254837036,-3.392210006713867,-2.1209053993225098
35.6179963350005,35.7,0.011773824691772461,99.43103579999998,0.0,0.51107,-0.20621599999997908,87.02882597802173,0.0,2.353734254837036,0.0,-1.6022595167160034
35.6667164319997,35.75,0.012553930282592773,99.45621679999998,0.0,0.50362,-0.14900000000000135,87.25225816121933,0.0,2.1628713607788086,-3.817257881164551,-1.479597806930542
35.817023460999735,35.8,0.008110284805297852,99.48102529999998,0.0,0.49617,-0.14899999999999913,87.25225816121933,0.0,2.1628713607788086,0.0,-0.5592586994171143
35.826010220999706,35.85,0.004380226135253906,99.50546129999998,0.0,0.48872,-0.14900000000000024,87.45798737893682,0.0,1.9827005863189697,-3.6034154891967773,-0.5674737095832825
35.83087718800016,35.9,0.012046575546264648,99.52952479999998,0.0,0.48127,-0.14900000000000024,87.45798737893682,0.0,1.9827005863189697,0.0,-0.4562447965145111
35.86447496300025,35.95,0.013237953186035156,99.55321579999998,0.0,0.47382,-0.14899999999999913,87.64467969996774,0.0,1.7820346355438232,-4.01331901550293,-0.5926691889762878
35.91767918599999,36.0,0.013681650161743164,99.57653429999998,0.0,0.46637,-0.14900000000000024,87.64467969996774,0.0,1.7820346355438232,0.0,-0.601720929145813
35.96824715599996,36.05,0.007639169692993164,99.59948029999998,0.0,0.45892,-0.14900000000000024,87.8113380610972,0.0,1.6047629117965698,-3.5454344749450684,-0.6287134289741516
36.01160400800018,36.1,0.018901586532592773,99.62205379999997,0.0,0.45147,-0.14900000000000024,87.8113380610972,0.0,1.6047629117965698,0.0,-0.6287564039230347
36.074909558999934,36.15,0.012418985366821289,99.64425479999997,0.0,0.44402,-0.14899999999999913,87.96636566622884,0.0,1.5245007276535034,-1.6052436828613281,-0.6625167727470398
36.11704465799994,36.2,0.013948202133178711,99.66608329999997,0.0,0.43657,-0.14900000000000024,87.96636566622884,0.0,1.5245007276535034,0.0,-0.6512614488601685
36.16925164300028,36.25,0.0208132266998291,99.68812039999997,0.0,0.440742000000002,0.08344000000004015,88.11476425880123,0.0,1.4735099077224731,-1.0198163986206055,-0.6624817848205566
36.2255027680003,36.3,0.015789508819580078,99.71404639999997,0.0,0.518520000000003,1.5555600000000191,88.11476425880123,0.0,1.4735099077224731,0.0,-0.6525083780288696
36.27112297700023,36.35,0.019223928451538086,99.74444239999997,0.0,0.607920000000003,1.7880000000000007,88.25903215031491,0.0,1.4350038766860962,-0.7701206207275391,-0.6331288814544678
36.32412535799995,36.4,0.016032695770263672,99.77930839999996,0.0,0.697320000000004,1.7880000000000207,88.25903215031491,0.0,1.4350038766860962,0.0,-0.2782205045223236
36.36852471600014,36.45,0.013510942459106445,99.81864439999997,0.0,0.786720000000004,1.7879999999999985,88.39902433023263,0.0,1.392263412475586,-0.8548092842102051,-0.26523277163505554
36.41692578000038,36.5,0.022023677825927734,99.86245039999997,0.0,0.876120000000004,1.7880000000000007,88.39902433023263,0.0,1.392263412475586,0.0,-0.23227182030677795
36.47803224099971,36.55,0.015316963195800781,99.91072639999997,0.0,0.965520000000003,1.7879999999999807,88.53418666378494,0.0,1.3385485410690308,-1.0742974281311035,-0.2712751030921936
36.521156073000384,36.6,0.017813444137573242,99.96347239999997,0.0,1.05492,1.7879999999999407,88.53418666378494,0.0,1.3385485410690308,0.0,-0.26552706956863403
36.573194591000174,36.65,0.013949394226074219,100.02068839999997,0.0,1.14432,1.7879999999999985,88.66475068333963,0.0,1.3021738529205322,-0.7274937629699707,-0.2923695743083954
36.617553684000086,36.7,0.016309499740600586,100.08237439999996,0.0,1.23372,1.7879999999999985,88.66475068333963,0.0,1.3021738529205322,0.0,-0.28827252984046936
36.66929885399986,36.75,0.015513181686401367,100.14853039999997,0.0,1.32312,1.788000000000003,88.7930999356234,0.0,1.290619969367981,-0.2310776710510254,-0.3185814917087555
36.72011169100006,36.8,0.01626896858215332,100.21915639999997,0.0,1.41252,1.7879999999999985,88.7930999356234,0.0,1.290619969367981,0.0,-0.29627326130867004
36.8719632250004,36.85,0.016097068786621094,100.29417193999997,0.0,1.5003108,1.7558160000000012,88.9208880697595,0.0,1.286988377571106,-0.0726318359375,-0.3059242069721222
36.88900064599966,36.9,0.008717775344848633,100.37306743999997,0.0,1.57791,1.5519839999999974,88.9208880697595,0.0,1.286988377571106,0.0,-0.31044355034828186
36.900938798000425,36.95,0.007383584976196289,100.45576243999997,0.0,1.6539,1.5198,89.04704048902012,0.0,1.2625820636749268,-0.488126277923584,-0.2991271913051605
36.91025554299995,37.0,0.015330314636230469,100.54225693999997,0.0,1.72989,1.5198,89.04704048902012,0.0,1.2625820636749268,0.0,-0.15343736112117767
36.969967357000314,37.05,0.016876697540283203,100.63255093999997,0.0,1.80588,1.5198,89.1718098963239,0.0,1.2519878149032593,-0.2118849754333496,-0.15580710768699646
37.01993906500047,37.1,0.018524169921875,100.72664443999997,0.0,1.88187,1.5198,89.1718098963239,0.0,1.2519878149032593,0.0,-0.14702050387859344
37.07381073400029,37.15,0.015151500701904297,100.82453743999997,0.0,1.95786,1.5198,89.29538976197821,0.0,1.237101674079895,-0.29772281646728516,-0.14515596628189087
37.11810229300045,37.2,0.017564058303833008,100.92622993999997,0.0,2.03385,1.5198000000000045,89.29538976197821,0.0,1.237101674079895,0.0,-0.14318428933620453
37.173266259999764,37.25,0.012792587280273438,101.03172193999997,0.0,2.10984,1.5198,89.41744383897175,0.0,1.222726821899414,-0.28749704360961914,-0.1465417891740799
37.21669591299997,37.3,0.016033649444580078,101.14101343999997,0.0,2.18583,1.5198,89.41744383897175,0.0,1.222726821899414,0.0,-0.15439769625663757
37.270770232999894,37.35,0.0157010555267334,101.25410443999996,0.0,2.26182,1.5198,89.53819535803576,0.0,1.2108588218688965,-0.23736000061035156,-0.15787141025066376
37.319964592999895,37.4,0.016500473022460938,101.37099493999996,0.0,2.33781,1.5198,89.53819535803576,0.0,1.2108588218688965,0.0,-0.15171249210834503
37.37104103500042,37.45,0.015217781066894531,101.49161341999996,0.0,2.4123696,1.4911919999999945,89.65859694521043,0.0,1.2136836051940918,0.05649566650390625,-0.16406568884849548
37.419815008000114,37.5,0.015091896057128906,101.61550691999996,0.0,2.47787,1.310007999999998,89.65859694521043,0.0,1.2136836051940918,0.0,-0.16083741188049316
37.46791707400007,37.55,0.017034530639648438,101.74260391999997,0.0,2.54194,1.2814000000000014,89.77880755447615,0.0,1.2104289531707764,-0.0650930404663086,0.006042305380105972
37.521707884000534,37.6,0.01587390899658203,101.87290441999997,0.0,2.60601,1.2814000000000014,89.77880755447615,0.0,1.2104289531707764,0.0,1.154402256011963
37.57154617700053,37.65,0.017106056213378906,102.00640841999997,0.0,2.67008,1.2814000000000014,89.8995898258369,0.0,1.2124327421188354,0.04007577896118164,1.5993268489837646
37.621113643999706,37.7,0.016377687454223633,102.14311591999997,0.0,2.73415,1.2814000000000014,89.8995898258369,0.0,1.2124327421188354,0.0,1.6417763233184814
37.67215900300016,37.75,0.017100095748901367,102.28302691999997,0.0,2.79822,1.2814000000000014,90.02091056122407,0.0,1.2170968055725098,0.09328126907348633,1.6651252508163452
37.72182587400039,37.8,0.017215728759765625,102.42614141999996,0.0,2.86229,1.2813999999999925,90.02091056122407,0.0,1.2170968055725098,0.0,1.714174509048462
37.7728456599998,37.85,0.016543149948120117,102.57245941999996,0.0,2.92636,1.2814000000000014,90.14254242253551,0.0,1.223832130432129,0.1347064971923828,1.7236994504928589
37.92119738099973,37.9,0.008172035217285156,102.72198091999996,0.0,2.99043,1.2814000000000014,90.14254242253551,0.0,1.223832130432129,0.0,1.709578037261963
37.929849334999744,37.95,0.007965803146362305,102.87470591999997,0.0,3.0545,1.2814000000000014,90.26598357011086,0.0,1.2579338550567627,0.6820344924926758,1.7242956161499023
37.93874830000004,38.0,0.008497953414916992,103.03063441999997,0.0,3.11857,1.2814000000000014,90.26598357011086,0.0,1.2579338550567627,0.0,1.6875513792037964
37.96104177699999,38.05,0.017136096954345703,103.18977535999997,0.0,3.1828188,1.2849760000000021,90.39549878587033,0.0,1.3497827053070068,1.8369770050048828,1.6768369674682617
38.02085031800016,38.1,0.015659570693969727,103.35218535999996,0.0,3.2482,1.3076240000000006,90.39549878587033,0.0,1.3497827053070068,0.0,1.5468072891235352
38.07169266599976,38.15,0.013962745666503906,103.51787335999997,0.0,3.31376,1.3111999999999924,90.53769070025122,0.0,1.4797827053070067,2.599999999999998,1.52395761013031
38.116195253000114,38.2,0.017308473587036133,103.68683935999996,0.0,3.37932,1.3112000000000013,90.53769070025122,0.0,1.5112624168395996,0.6295942306518576,1.4331427812576294
38.17282047899971,38.25,0.01597762107849121,103.85908335999997,0.0,3.44488,1.3112000000000013,90.69898191241258,0.0,1.6412624168395995,2.599999999999998,1.1039025783538818
38.22067220400004,38.3,0.015378475189208984,104.03460535999997,0.0,3.51044,1.3112000000000013,90.69898191241258,0.0,1.7216204404830933,1.6071604728698752,1.034468650817871
38.270360135000374,38.35,0.015792131423950195,104.21340535999997,0.0,3.576,1.3112000000000013,90.88204999579588,0.0,1.8516204404830932,2.599999999999998,1.0445804595947266
38.32124337000005,38.4,0.015491008758544922,104.39548335999997,0.0,3.64156,1.3112000000000013,90.88204999579588,0.0,1.9456528425216675,1.8806480407714865,0.9980191588401794
38.36759697399975,38.45,0.01654529571533203,104.58083935999997,0.0,3.70712,1.3112000000000013,91.08667788284546,0.0,2.0756528425216674,2.599999999999998,1.0583730936050415
38.419864741999845,38.5,0.016233205795288086,104.76947335999996,0.0,3.77268,1.3111999999999924,91.08667788284546,0.0,2.159099578857422,1.66893472671509,1.1235980987548828
38.4711588830005,38.55,0.018655776977539062,104.96138535999997,0.0,3.83824,1.3112000000000013,91.31234942455444,0.0,2.2890995788574218,2.599999999999998,1.0790258646011353
38.52342419500019,38.6,0.018095970153808594,105.15657535999996,0.0,3.9038,1.3112000000000013,91.31234942455444,0.0,2.353527784347534,1.2885641098022482,1.0334333181381226
38.5711339290001,38.65,0.019039154052734375,105.35500759999996,0.0,3.9686448,1.2968959999999985,91.55641157937897,0.0,2.483527784347534,2.599999999999998,1.0698344707489014
38.62234427000021,38.7,0.016190528869628906,105.55645559999996,0.0,4.02896,1.2063039999999958,91.55641157937897,0.0,2.535609483718872,1.04163398742676,1.0899962186813354
38.67098742899998,38.75,0.01629471778869629,105.76088359999996,0.0,4.08856,1.1920000000000108,91.81869857951138,0.0,2.665609483718872,2.599999999999998,1.0822560787200928
38.718762129000424,38.8,0.016954660415649414,105.96829159999996,0.0,4.14816,1.191999999999993,91.81869857951138,0.0,2.717106819152832,1.0299467086792014,0.795395016670227
38.77221807400019,38.85,0.013396739959716797,106.17867959999995,0.0,4.20776,1.1920000000000108,92.09463141856423,0.0,2.8242485523223877,2.1428346633911133,0.7745381593704224
38.81726155399974,38.9,0.016515016555786133,106.39204759999996,0.0,4.26736,1.191999999999993,92.09463141856423,0.0,2.8242485523223877,0.0,0.7390791773796082
38.96941823599991,38.95,0.011741876602172852,106.60839559999995,0.0,4.32696,1.191999999999993,92.3817016013853,0.0,2.9425714015960693,2.366456985473633,0.8161133527755737
38.981688384000336,39.0,0.011424541473388672,106.82772359999996,0.0,4.38656,1.1920000000000108,92.3817016013853,0.0,2.9425714015960693,0.0,0.8079383373260498
38.994083743000374,39.05,0.010451316833496094,107.05003159999995,0.0,4.44616,1.191999999999993,92.68220805396031,0.0,3.069883346557617,2.546238899230957,0.8596770763397217
39.01201642199976,39.1,0.014943361282348633,107.27531959999996,0.0,4.50576,1.1920000000000108,92.68220805396031,0.0,3.069883346557617,0.0,0.8833169341087341
39.06924490700021,39.15,0.017590761184692383,107.50358759999996,0.0,4.56536,1.191999999999993,92.99225503888492,0.0,3.144155979156494,1.485452651977539,0.8777565956115723
39.122137502999976,39.2,0.01727294921875,107.73483559999995,0.0,4.62496,1.191999999999993,92.99225503888492,0.0,3.144155979156494,0.0,0.8443655967712402
39.17186190600023,39.25,0.019194602966308594,107.96904571999995,0.0,4.68420240000001,1.1848480000002048,93.30895015747292,0.0,3.216388702392578,1.4446544647216797,0.91643887758255
39.222330034999686,39.3,0.016156911849975586,108.20610471999996,0.0,4.74118,1.1395519999997994,93.30895015747292,0.0,3.216388702392578,0.0,0.9748674035072327
39.27178642099989,39.35,0.015602588653564453,108.44599471999996,0.0,4.7978,1.1323999999999934,93.63263075457782,0.0,3.285493850708008,1.3821029663085938,1.0303313732147217
39.31916289000037,39.4,0.01563882827758789,108.68871571999996,0.0,4.85442000000001,1.1324000000002066,93.63263075457782,0.0,3.285493850708008,0.0,1.0593266487121582
39.369192441999985,39.45,0.015176773071289062,108.93426771999997,0.0,4.91104,1.132399999999798,93.96268287998755,0.0,3.3443856239318848,1.177835464477539,1.110895037651062
39.418999551000525,39.5,0.017793893814086914,109.18265071999997,0.0,4.96766,1.1324000000000112,93.96268287998755,0.0,3.3443856239318848,0.0,1.1717913150787354
39.47079594099978,39.55,0.01682567596435547,109.43386471999997,0.0,5.02428,1.1323999999999934,94.29879567693999,0.0,3.399618148803711,1.1046504974365234,1.1737431287765503
39.52212055200016,39.6,0.016088247299194336,109.68790971999998,0.0,5.0809,1.1323999999999934,94.29879567693999,0.0,3.399618148803711,0.0,1.208382487297058
39.57026293200033,39.65,0.01674818992614746,109.94478571999998,0.0,5.13752,1.1324000000000112,94.63861620476749,0.0,3.450066566467285,1.0089683532714844,1.209350347518921
39.621162209999966,39.7,0.015947580337524414,110.20449271999999,0.0,5.19414,1.1323999999999934,94.63861620476749,0.0,3.450066566467285,0.0,1.2307980060577393
39.66884731400023,39.75,0.01875615119934082,110.46703072,0.0,5.25076,1.1323999999999934,94.9837783260018,0.0,3.5090553760528564,1.1797761917114258,1.2797130346298218
39.72290733299997,39.8,0.015594959259033203,110.73239972,0.0,5.30738,1.1324000000000112,94.9837783260018,0.0,3.5090553760528564,0.0,1.2956020832061768
39.77131805499994,39.85,0.016082286834716797,111.00024212000001,0.0,5.356848,0.9893600000000013,95.33471524534353,0.0,3.5768797397613525,1.3564872741699219,1.3080604076385498
39.8200882379997,39.9,0.016435623168945312,111.26829312000001,0.0,5.36102,0.08343999999999241,95.33471524534353,0.0,3.5768797397613525,0.0,1.3377143144607544
39.871661416999814,39.95,0.0172727108001709,111.53619512000002,0.0,5.35804,-0.05959999999999965,95.69181191966177,0.0,3.636838436126709,1.199173927307129,1.3225886821746826
40.021809830000166,40.0,0.008524179458618164,111.80394812000002,0.0,5.35506,-0.05959999999999965,95.69181191966177,0.0,3.636838436126709,0.0,1.1786457300186157
40.03090391800015,40.05,0.011043071746826172,112.07155212000002,0.0,5.35208,-0.05959999999999965,96.05549617889318,0.0,3.7165143489837646,1.5935182571411133,1.1616566181182861
40.042507357999966,40.1,0.012399435043334961,112.33900712000002,0.0,5.3491,-0.05959999999999965,96.05549617889318,0.0,3.7165143489837646,0.0,1.1782726049423218
40.06410002499979,40.15,0.01341867446899414,112.60631312000002,0.0,5.34612,-0.05959999999999965,96.42735472074446,0.0,3.801684856414795,1.7034101486206055,1.1977261304855347
40.117858679000165,40.2,0.019288301467895508,112.87347012000002,0.0,5.34314,-0.05959999999999965,96.42735472074446,0.0,3.801684856414795,0.0,1.1350034475326538
40.171721296000214,40.25,0.01606917381286621,113.14047812000003,0.0,5.34016,-0.05959999999999965,96.80768531688612,0.0,3.8813116550445557,1.5925359725952148,1.1662800312042236
40.220848494000165,40.3,0.0177767276763916,113.40733712000002,0.0,5.33718,-0.05959999999999965,96.80768531688612,0.0,3.8813116550445557,0.0,1.173932671546936
40.27270141000008,40.35,0.017299890518188477,113.67404712000003,0.0,5.3342,-0.05959999999999965,97.1963341888794,0.0,3.973984956741333,1.8534660339355469,1.2235424518585205
40.32214840500001,40.4,0.015848875045776367,113.94060812000002,0.0,5.33122,-0.05959999999999965,97.1963341888794,0.0,3.973984956741333,0.0,1.2383449077606201
40.370875264999995,40.45,0.017035484313964844,114.20669828000003,0.0,5.3218032,-0.18833600000000672,97.59487910969486,0.0,4.0827836990356445,2.1759748458862305,1.2594428062438965
40.421554585000194,40.5,0.016872406005859375,114.47027928000003,0.0,5.27162,-1.0036639999999863,97.59487910969486,0.0,4.0827836990356445,0.0,1.2949745655059814
40.4710091070001,40.55,0.016608238220214844,114.73102928000003,0.0,5.215,-1.1324000000000112,98.00328526841075,0.0,4.18500280380249,2.044382095336914,1.2455874681472778
40.52053850500033,40.6,0.015509843826293945,114.98894828000003,0.0,5.15838,-1.1323999999999934,98.00328526841075,0.0,4.18500280380249,0.0,1.1631323099136353
40.57015708099971,40.65,0.019730567932128906,115.24403628000003,0.0,5.10176,-1.1324000000000112,98.42050446949577,0.0,4.283629417419434,1.9725322723388672,1.1826013326644897
40.62441776200012,40.7,0.017976045608520508,115.49629328000003,0.0,5.04514,-1.1323999999999934,98.42050446949577,0.0,4.283629417419434,0.0,1.1675746440887451
40.6732201320001,40.75,0.017040014266967773,115.74571928000003,0.0,4.98852,-1.1323999999999934,98.84806756906357,0.0,4.387156009674072,2.0705318450927734,1.1751662492752075
40.72183473899986,40.8,0.017560243606567383,115.99231428000003,0.0,4.9319,-1.1324000000000112,98.84806756906357,0.0,4.387156009674072,0.0,1.1780996322631836
40.77210804100014,40.85,0.020959138870239258,116.23607828000003,0.0,4.87528,-1.1323999999999934,99.28663083299517,0.0,4.502433776855469,2.3055553436279297,1.234125018119812
40.82612271299968,40.9,0.014680624008178711,116.47701128000003,0.0,4.81866,-1.1323999999999934,99.28663083299517,0.0,4.502433776855469,0.0,1.1831028461456299
40.86927600600029,40.95,0.019085407257080078,116.71511328000003,0.0,4.76204,-1.1324000000000112,99.73647860029006,0.0,4.608989715576172,2.1311187744140625,1.2183492183685303
40.92415554099989,41.0,0.01428842544555664,116.95038428000002,0.0,4.70542,-1.1323999999999934,99.73647860029006,0.0,4.608989715576172,0.0,1.2466845512390137
41.06924159800019,41.05,0.012233972549438477,117.18274382000003,0.0,4.6471908,-1.1645840000000085,100.19728085281352,0.0,4.736856937408447,2.557344436645508,1.2214510440826416
41.082151323999824,41.1,0.011841773986816406,117.41168232000003,0.0,4.57877,-1.3684160000000034,100.19728085281352,0.0,4.736856937408447,0.0,1.2450674772262573
41.09473738900033,41.15,0.011346817016601562,117.63711932000002,0.0,4.50874,-1.400599999999983,100.66853870396088,0.0,4.840895175933838,2.0807647705078125,0.9730441570281982
41.11320291799984,41.2,0.021826505661010742,117.85905482000003,0.0,4.43871,-1.4006000000000007,100.66853870396088,0.0,4.840895175933838,0.0,-1.6467753648757935
41.17709321500024,41.25,0.019017696380615234,118.07748882000003,0.0,4.36868,-1.4006000000000007,101.15113926529976,0.0,4.954576015472412,2.2736167907714844,-1.630064606666565
41.221530519000225,41.3,0.018315792083740234,118.29242132000003,0.0,4.29865,-1.4006000000000007,101.15113926529976,0.0,4.954576015472412,0.0,-1.6529268026351929
41.2735260340005,41.35,0.021408796310424805,118.50385232000004,0.0,4.22862,-1.4006000000000007,101.81371772954476,0.0,5.069165229797363,2.2917842864990234,-2.3492965698242188
41.325747023000076,41.4,0.016412734985351562,118.71178182000004,0.0,4.15859,-1.4006000000000007,101.81371772954476,0.0,5.069165229797363,0.0,-2.3800790309906006
41.37117062299967,41.45,0.018766164779663086,118.91620982000003,0.0,4.08856,-1.4006000000000007,102.32101892438831,0.0,5.173561096191406,2.0879173278808594,-2.3808069229125977
41.423016945999734,41.5,0.01876521110534668,119.11713632000003,0.0,4.01853,-1.4006000000000007,102.32101892438831,0.0,5.173561096191406,0.0,-2.355579137802124
41.47368618600012,41.55,0.022899150848388672,119.31456132000002,0.0,3.9485,-1.4006000000000007,102.83762964138448,0.0,5.2169479999999995,0.8677380761718645,-2.3716723918914795
41.527522805000444,41.6,0.017400264739990234,119.50848482000002,0.0,3.87847,-1.4006000000000007,102.83762964138448,0.0,5.2169479999999995,0.0,-2.3816611766815186
41.56990035600029,41.65,0.018001317977905273,119.69887106000002,0.0,3.8077248,-1.4149040000000035,103.36225073502648,0.0,5.2169479999999995,0.0,-2.373675584793091
41.62271044800036,41.7,0.010902166366577148,119.88549356000001,0.0,3.73245,-1.5054959999999973,103.36225073502648,0.0,5.2169479999999995,0.0,-2.3660356998443604
41.66494202600006,41.75,0.01627182960510254,120.06831656000001,0.0,3.65646,-1.5198,103.89214734766378,0.0,5.2169479999999995,0.0,-0.3149730861186981
41.72098188699965,41.8,0.020689010620117188,120.24734006000001,0.0,3.58047,-1.5198,103.89214734766378,0.0,5.2169479999999995,0.0,-1.6792627573013306
41.77547734699965,41.85,0.019136667251586914,120.42256406000001,0.0,3.50448,-1.5198,104.42378155215933,0.0,5.2169479999999995,0.0,-1.5104693174362183
41.82297611500053,41.9,0.01747751235961914,120.59398856000001,0.0,3.42849,-1.5198,104.42378155215933,0.0,5.2169479999999995,0.0,-1.5687192678451538
41.87101576199984,41.95,0.017928123474121094,120.76161356000001,0.0,3.3525,-1.5198,104.9556531041878,0.0,5.2169479999999995,0.0,-1.482317328453064
41.922085956000046,42.0,0.016049623489379883,120.92543906000002,0.0,3.27651,-1.5198,104.9556531041878,0.0,5.2169479999999995,0.0,-1.104744791984558
41.97146233800049,42.05,0.011479854583740234,121.08546506000002,0.0,3.20052,-1.5198,105.48595512897082,0.0,5.2169479999999995,0.0,-1.212377905845642
42.11722696900051,42.1,0.008639812469482422,121.24169156000002,0.0,3.12453,-1.5198,105.48595512897082,0.0,5.2169479999999995,0.0,-1.064902424812317
42.12620833700021,42.15,0.008676528930664062,121.39411856000002,0.0,3.04854,-1.5198,106.0038854517423,0.0,5.166876792907715,-1.0014241418456926,-1.0292707681655884
42.135181743999965,42.2,0.009870290756225586,121.54274606000003,0.0,2.97255,-1.5198,106.0038854517423,0.0,5.166876792907715,0.0,-1.03097665309906
42.162135474000024,42.25,0.015735149383544922,121.68760088000003,0.0,2.89709639999999,-1.5090720000002023,106.50084595636004,0.0,4.941876792907715,-4.499999999999993,-1.0128763914108276
42.22022831899994,42.3,0.017439842224121094,121.82885288000003,0.0,2.82504,-1.4411279999997983,106.50084595636004,0.0,4.906866073608398,-0.7002143859863352,-0.9971464276313782
42.272850946999824,42.35,0.015282392501831055,121.96652888000003,0.0,2.75351999999999,-1.430400000000196,106.97475443038688,0.0,4.710783958435059,-3.921642303466797,-1.013100028038025
42.3214176219999,42.4,0.01691293716430664,122.10062888000003,0.0,2.68199999999999,-1.4304000000000006,106.97475443038688,0.0,4.710783958435059,0.0,-1.0061376094818115
42.37201480800013,42.45,0.01653599739074707,122.23115288000002,0.0,2.61048,-1.4303999999998052,107.43197457501587,0.0,4.57150936126709,-2.785491943359375,-1.3021485805511475
42.42126120900048,42.5,0.017945528030395508,122.35810088000002,0.0,2.53895999999999,-1.430400000000196,107.43197457501587,0.0,4.57150936126709,0.0,-1.3095935583114624
42.4734306270002,42.55,0.01717352867126465,122.48147288000003,0.0,2.46744,-1.4303999999998052,107.87651030539304,0.0,4.4604644775390625,-2.220897674560547,-1.297995686531067
42.52115026800038,42.6,0.01579570770263672,122.60126888000002,0.0,2.39591999999999,-1.430400000000196,107.87651030539304,0.0,4.4604644775390625,0.0,-1.2406558990478516
42.57064862399966,42.65,0.017407894134521484,122.71748888000002,0.0,2.3244,-1.4303999999998052,108.30947860802839,0.0,4.3433403968811035,-2.3424816131591797,-1.2879618406295776
42.621005081000476,42.7,0.016510725021362305,122.83013288000002,0.0,2.25288,-1.4303999999999917,108.30947860802839,0.0,4.3433403968811035,0.0,-1.209742546081543
42.67241941100019,42.75,0.015645503997802734,122.93920088000002,0.0,2.18136,-1.4304000000000006,108.72975436807174,0.0,4.20524263381958,-2.7619552612304688,-1.2367244958877563
42.72033419699983,42.8,0.01772332191467285,123.04469288000001,0.0,2.10984,-1.4304000000000006,108.72975436807174,0.0,4.20524263381958,0.0,-1.206547737121582
42.77162656099972,42.85,0.016596317291259766,123.14660888000002,0.0,2.03832,-1.4304000000000006,109.1358015291515,0.0,4.059573650360107,-2.913379669189453,-1.1755849123001099
42.82027443900006,42.9,0.016983509063720703,123.24494888000001,0.0,1.9668,-1.4304000000000006,109.1358015291515,0.0,4.059573650360107,0.0,-1.1511666774749756
42.87118440300037,42.95,0.0157470703125,123.33971288000001,0.0,1.89528,-1.4304000000000006,109.52744274614226,0.0,3.9210147857666016,-2.771177291870117,-1.2317641973495483
42.92037230999995,43.0,0.02126026153564453,123.43090088000001,0.0,1.82376,-1.4304000000000006,109.52744274614226,0.0,3.9210147857666016,0.0,-1.3061960935592651
42.97569986400049,43.05,0.016959667205810547,123.51851288,0.0,1.75224,-1.4304000000000006,109.90535920551655,0.0,3.79589581489563,-2.5023794174194336,-1.4577184915542603
43.0237389189997,43.1,0.016847848892211914,123.60254888,0.0,1.68072,-1.4304000000000006,109.90535920551655,0.0,3.79589581489563,0.0,-1.3279873132705688
43.17235726600029,43.15,0.00765681266784668,123.68300888,0.0,1.6092,-1.4304000000000006,110.2721818589583,0.0,3.689459800720215,-2.128720283508301,-1.430761694908142
43.18054890300027,43.2,0.007191896438598633,123.75989288000001,0.0,1.53768,-1.4304000000000006,110.2721818589583,0.0,3.689459800720215,0.0,-1.3136929273605347
43.188037144999726,43.25,0.007686138153076172,123.83320088,0.0,1.46616,-1.4304000000000006,110.62720168897917,0.0,3.5488951206207275,-2.811293601989746,-1.4294443130493164
43.20857679799974,43.3,0.016956806182861328,123.90293288000001,0.0,1.39464,-1.4303999999999961,110.62720168897917,0.0,3.5488951206207275,0.0,-1.3124843835830688
43.27157975499995,43.35,0.016287803649902344,123.96908888000002,0.0,1.32312,-1.4304000000000006,110.9682104123229,0.0,3.4082911014556885,-2.8120803833007812,-1.3061606884002686
43.31966605100024,43.4,0.016489267349243164,124.03166888000001,0.0,1.2516,-1.4304000000000006,110.9682104123229,0.0,3.4082911014556885,0.0,-1.2069746255874634
43.37205436000022,43.45,0.014907360076904297,124.0907444,0.0,1.1815104,-1.4017919999999995,111.2954283517271,0.0,3.2747087478637695,-2.671647071838379,-1.3366812467575073
43.421155754999745,43.5,0.015880346298217773,124.1467684,0.0,1.12048,-1.220608000000003,111.2954283517271,0.0,3.2747087478637695,0.0,-1.3231881856918335
43.470853673999954,43.55,0.015049934387207031,124.1998124,0.0,1.06088,-1.1919999999999975,111.60954383292491,0.0,3.1440043449401855,-2.6140880584716797,-1.436043620109558
43.51993593400039,43.6,0.015905380249023438,124.2498764,0.0,1.00128,-1.192000000000002,111.60954383292491,0.0,3.1440043449401855,0.0,-1.1674515008926392
43.568542066999726,43.65,0.015206098556518555,124.2969604,0.0,0.941679999999999,-1.1920000000000197,111.91049793728746,0.0,3.013582468032837,-2.6084375381469727,-1.2634516954421997
43.620062998999856,43.7,0.016550779342651367,124.34106440000001,0.0,0.882080000000001,-1.1919999999999598,111.91049793728746,0.0,3.013582468032837,0.0,-1.1183371543884277
43.671422325000094,43.75,0.015503406524658203,124.3821884,0.0,0.822479999999999,-1.1920000000000397,112.19898120545483,0.0,2.890442371368408,-2.462801933288574,-1.2245920896530151
43.72082242400029,43.8,0.015456676483154297,124.4203324,0.0,0.762880000000001,-1.1919999999999598,112.19898120545483,0.0,2.890442371368408,0.0,-1.1551780700683594
43.770004252000035,43.85,0.014958381652832031,124.4554964,0.0,0.703279999999999,-1.1920000000000397,112.4748463645297,0.0,2.761446475982666,-2.5799179077148438,-1.2555207014083862
43.819189779000226,43.9,0.016127824783325195,124.4876804,0.0,0.64368,-1.1919999999999797,112.4748463645297,0.0,2.761446475982666,0.0,-1.1184377670288086
43.87233868400017,43.95,0.015547513961791992,124.51688440000001,0.0,0.584080000000001,-1.1919999999999797,112.73823412686554,0.0,2.636620283126831,-2.496523857116699,-1.2883442640304565
43.919512018000205,44.0,0.015356302261352539,124.54310840000001,0.0,0.52448,-1.192000000000022,112.73823412686554,0.0,2.636620283126831,0.0,-1.1759859323501587
43.97154792400033,44.05,0.01925039291381836,124.56647756000001,0.0,0.467383200000001,-1.141935999999979,112.98898656065427,0.0,2.508202314376831,-2.568359375,-1.3069051504135132
44.02347002799979,44.1,0.016459226608276367,124.58778456,0.0,0.42614,-0.8248640000000196,112.98898656065427,0.0,2.508202314376831,0.0,-1.1800780296325684
44.07071399200049,44.15,0.016152143478393555,124.60715456,0.0,0.3874,-0.7747999999999999,113.22801415573817,0.0,2.397632360458374,-2.2113990783691406,-1.3412758111953735
44.222488100999726,44.2,0.007988214492797852,124.62458756,0.0,0.348660000000001,-0.77479999999998,113.22801415573817,0.0,2.397632360458374,0.0,-1.2369506359100342
44.23104422400047,44.25,0.006420612335205078,124.64008356,0.0,0.30992,-0.774800000000021,113.45579372212985,0.0,2.26943302154541,-2.5639867782592773,-1.286387324333191
44.23775785500038,44.3,0.009786128997802734,124.65364256,0.0,0.271180000000002,-0.77479999999996,113.45579372212985,0.0,2.26943302154541,0.0,-1.173399567604065
44.26033745000041,44.35,0.01566004753112793,124.66526456,0.0,0.232440000000001,-0.7748000000000194,113.67205785059043,0.0,2.160836696624756,-2.171926498413086,-1.443007469177246
44.321177304999765,44.4,0.017538070678710938,124.67494956,0.0,0.193700000000001,-0.7747999999999999,113.67205785059043,0.0,2.160836696624756,0.0,-1.1479235887527466
44.371748016999845,44.45,0.016030073165893555,124.68269756000001,0.0,0.154960000000002,-0.77479999999998,113.87606384757625,0.0,2.030904531478882,-2.5986433029174805,-1.2000765800476074
44.420775378000144,44.5,0.017191171646118164,124.68850856,0.0,0.116220000000001,-0.7748000000000201,113.87606384757625,0.0,2.030904531478882,0.0,-1.423892617225647
44.47182523399988,44.55,0.016372203826904297,124.69238256,0.0,0.077480000000002,-0.77479999999998,113.87606384757625,0.0,2.030904531478882,0.0,-1.464937448501587
44.520557380000355,44.6,0.015025615692138672,124.69431956,0.0,0.038740000000001,-0.77480000000002,114.06679490245114,0.0,1.8913748264312744,-2.7905941009521484,-1.1247304677963257
44.569294134999836,44.65,0.016452312469482422,124.694552,0.0,0.00464880000000126,-0.6818239999999949,114.24335308352688,0.0,1.746320128440857,-2.9010939598083496,-1.5354670286178589
44.620956278999984,44.7,0.016849040985107422,124.694552,0.0,0.0,-0.09297600000002519,114.24335308352688,0.0,1.746320128440857,0.0,-1.0921505689620972
44.67232547100048,44.75,0.01560211181640625,124.694552,0.0,0.0,0.0,114.40566204227758,0.0,1.58659029006958,-3.194596767425537,-1.265809178352356
44.71958735000044,44.8,0.02287745475769043,124.694552,0.0,0.0,0.0,114.5522570360216,0.0,1.436019778251648,-3.0114102363586426,-0.5794578790664673
44.77823351200004,44.85,0.01948380470275879,124.694552,0.0,0.0,0.0,114.5522570360216,0.0,1.436019778251648,0.0,-0.6157770156860352
44.82362421900052,44.9,0.017450571060180664,124.694552,0.0,0.0,0.0,114.5522570360216,0.0,1.436019778251648,0.0,-0.5674771666526794
44.87249488500038,44.95,0.015208959579467773,124.694552,0.0,0.0,0.0,114.68527266158638,0.0,1.3069690465927124,-2.581014633178711,-0.6314296126365662
44.92000960200039,45.0,0.015477180480957031,124.694552,0.0,0.0,0.0,114.68527266158638,0.0,1.3069690465927124,0.0,-0.5863273739814758
44.96859229799975,45.05,0.01685476303100586,124.694552,0.0,0.0,0.0,114.8076579597012,0.0,1.2262119054794312,-1.615142822265625,-0.6485849022865295
45.02169489700009,45.1,0.017234086990356445,124.694552,0.0,0.0,0.0,114.8076579597012,0.0,1.2262119054794312,0.0,-0.6094596982002258
45.07144245699965,45.15,0.018417835235595703,124.694552,0.0,0.0,0.0,114.92369452434319,0.0,1.1738718748092651,-1.0468006134033203,-0.6334320902824402
45.12308290500005,45.2,0.018218517303466797,124.694552,0.0,0.0,0.0,114.92369452434319,0.0,1.1738718748092651,0.0,-0.611476480960846
45.27314689400009,45.25,0.008535385131835938,124.694552,0.0,0.0,0.0,115.03527976789982,0.0,1.130447268486023,-0.8684921264648438,-0.664469838142395
45.28215291299966,45.3,0.007518291473388672,124.694552,0.0,0.0,0.0,115.03527976789982,0.0,1.130447268486023,0.0,-0.6168738007545471
45.28996912599996,45.35,0.007424592971801758,124.694552,0.0,0.0,0.0,115.142552987499,0.0,1.080993890762329,-0.989067554473877,-0.5930432081222534
45.3078577389997,45.4,0.01606464385986328,124.694552,0.0,0.0,0.0,115.142552987499,0.0,1.080993890762329,0.0,-0.3715990483760834
45.3708623120001,45.45,0.01705193519592285,124.694552,0.0,0.0,0.0,115.24519073307371,0.0,1.0332698822021484,-0.9544801712036133,-0.37716200947761536
45.42111934500008,45.5,0.01844191551208496,124.694552,0.0,0.0,0.0,115.24519073307371,0.0,1.0332698822021484,0.0,-0.3811589777469635
45.47496964600032,45.55,0.015520334243774414,124.694552,0.0,0.0,0.0,115.24519073307371,0.0,1.0332698822021484,0.0,-0.3587265610694885
45.52007382600004,45.6,0.016852378845214844,124.694552,0.0,0.0,0.0,115.3430833114896,0.0,0.9869551658630371,-0.9262943267822266,-0.3530922830104828
45.57262842900036,45.65,0.01746058464050293,124.694552,0.0,0.0,0.0,116.39727505450834,0.0,0.9513537287712097,-0.7120287418365479,-0.38685235381126404
45.62346059900028,45.7,0.015495777130126953,124.694552,0.0,0.0,0.0,116.39727505450834,0.0,0.7511103873840523,-4.004866827743148,-0.3782777488231659
45.670381826000266,45.75,0.01952219009399414,124.694552,0.0,0.0,0.0,116.48903097515158,0.0,0.7511103873840523,0.0,-0.37884506583213806
45.72422627600008,45.8,0.015380382537841797,124.694552,0.0,0.0,0.0,116.48903097515158,0.0,0.67115547713493,-1.5990982049824476,-0.37452808022499084
45.76927814600003,45.85,0.017704248428344727,124.694552,0.0,0.0,0.0,116.57867184561181,0.0,0.67115547713493,0.0,-0.3788761496543884
45.822809022,45.9,0.01482248306274414,124.694552,0.0,0.0,0.0,116.57867184561181,0.0,0.5896637767165396,-1.6298340083678076,-0.3757983446121216
45.870048396999664,45.95,0.015562295913696289,124.694552,0.0,0.0,0.0,116.66588963874428,0.0,0.5896637767165396,0.0,-0.33601441979408264
45.91919392,46.0,0.01860809326171875,124.694552,0.0,0.0,0.0,116.66588963874428,0.0,0.5103748738688422,-1.5857780569539481,-0.09000644087791443
45.97447530200043,46.05,0.01733255386352539,124.694552,0.0,0.0,0.0,116.75070782033437,0.0,0.5103748738688422,0.0,-0.076368048787117
46.02145419899989,46.1,0.020802974700927734,124.694552,0.0,0.0,0.0,116.75070782033437,0.0,0.4324706473006019,-1.558084531364805,-0.07122349739074707
46.0770801409999,46.15,0.01790904998779297,124.694552,0.0,0.0,0.0,116.83321691213499,0.0,0.4324706473006019,0.0,-0.08292204141616821
46.12412639500053,46.2,0.01899099349975586,124.694552,0.0,0.0,0.0,116.83321691213499,0.0,0.3538905598714431,-1.5716017485831768,-0.07834311574697495
46.27463696999985,46.25,0.010589838027954102,124.694552,0.0,0.0,0.0,116.91349145699772,0.0,0.3538905598714431,0.0,-0.08183114975690842
46.285864538999704,46.3,0.006748676300048828,124.694552,0.0,0.0,0.0,116.91349145699772,0.0,0.2774386123831269,-1.5290389497663237,-0.08618021756410599
46.29295039699991,46.35,0.00815129280090332,124.694552,0.0,0.0,0.0,116.9926917317931,0.0,0.2774386123831269,0.0,-0.08869414776563644
46.30918216800001,46.4,0.016622543334960938,124.694552,0.0,0.0,0.0,116.9926917317931,0.0,0.20086026820690017,-1.5315668835245344,-0.08779909461736679
46.37148766300015,46.45,0.024484872817993164,124.694552,0.0,0.0,0.0,117.07174575155778,0.0,0.20086026820690017,0.0,-0.09099812805652618
46.42903891700007,46.5,0.013825178146362305,124.694552,0.0,0.0,0.0,117.07174575155778,0.0,0.12180624844221677,-1.581080395293668,-0.09166201204061508
46.469424255000376,46.55,0.016545772552490234,124.694552,0.0,0.0,0.0,117.15076043529876,0.0,0.12180624844221677,0.0,-0.09262844920158386
46.5197580439999,46.6,0.016210317611694336,124.694552,0.0,0.0,0.0,117.15076043529876,0.0,0.04279156470123746,-1.5802936748195862,-0.0921144038438797
46.571631347999755,46.65,0.018639564514160156,124.694552,0.0,0.0,0.0,117.22913744623663,0.0,0.04279156470123746,0.0,-0.09312771260738373
46.623354690999804,46.7,0.01569509506225586,124.694552,0.0,0.0,0.0,117.22913744623663,0.0,0.0,-0.8558312940247492,-0.0973375216126442
46.67097412299972,46.75,0.019333600997924805,124.694552,0.0,0.0,0.0,117.3073915701325,0.0,0.0,0.0,-0.09723079204559326
46.72384506900016,46.8,0.01941847801208496,124.694552,0.0,0.0,0.0,117.3073915701325,0.0,0.0,0.0,-0.09838607162237167
46.77223111500007,46.85,0.016980648040771484,124.694552,0.0,0.0,0.0,117.38598709702859,0.0,0.0,0.0,-0.10434208065271378
46.82164153600024,46.9,0.017112255096435547,124.694552,0.0,0.0,0.0,117.38598709702859,0.0,0.0,0.0,-0.09607961773872375
46.87267800100017,46.95,0.01917099952697754,124.694552,0.0,0.0,0.0,117.4648081432164,0.0,0.0,0.0,-0.13128016889095306
46.92390555699967,47.0,0.02410578727722168,124.694552,0.0,0.0,0.0,117.4648081432164,0.0,0.0,0.0,-0.14091169834136963
46.97904270100025,47.05,0.01721644401550293,124.694552,0.0,0.0,0.0,117.54406665597284,0.0,0.0,0.0,-0.13500100374221802
47.01978349700039,47.1,0.01876044273376465,124.694552,0.0,0.0,0.0,117.54406665597284,0.0,0.0,0.0,-0.1387549191713333
47.07200620799995,47.15,0.01841259002685547,124.694552,0.0,0.0,0.0,117.62339518033171,0.0,0.0,0.0,-0.13959279656410217
47.12306104500021,47.2,0.021636962890625,124.694552,0.0,0.0,0.0,117.62339518033171,0.0,0.0,0.0,-0.13793785870075226
47.174627434000286,47.25,0.018213510513305664,124.694552,0.0,0.0,0.0,117.70308230905145,0.0,0.0,0.0,-0.14132872223854065
47.32446950800022,47.3,0.013515710830688477,124.694552,0.0,0.0,0.0,117.70308230905145,0.0,0.0,0.0,-0.13998393714427948
47.339639663000526,47.35,0.01078343391418457,124.694552,0.0,0.0,0.0,117.7826734068017,0.0,0.0,0.0,-0.14442871510982513
47.351046505999875,47.4,0.008682727813720703,124.694552,0.0,0.0,0.0,117.7826734068017,0.0,0.0,0.0,-0.14346612989902496
47.36018049500035,47.45,0.018490314483642578,124.694552,0.0,0.0,0.0,117.86216670780794,0.0,0.0,0.0,-0.1425572782754898
47.42317367400028,47.5,0.01848626136779785,124.694552,0.0,0.0,0.0,117.86216670780794,0.0,0.0,0.0,-0.14530138671398163
47.47305839399996,47.55,0.017960071563720703,124.694552,0.0,0.0,0.0,117.86216670780794,0.0,0.0,0.0,-0.14041884243488312
47.52300149199982,47.6,0.017348527908325195,124.694552,0.0,0.0,0.0,117.94106239464405,0.0,0.0,0.0,-0.13651782274246216
47.571866977000354,47.65,0.018658161163330078,124.694552,0.0,0.0,0.0,118.01957543541972,0.0,0.0,0.0,-0.14601443707942963
47.62336984400008,47.7,0.018176794052124023,124.694552,0.0,0.0,0.0,118.01957543541972,0.0,0.0,0.0,-0.13590100407600403
47.67310371300027,47.75,0.016266584396362305,124.694552,0.0,0.0,0.0,118.0971605100571,0.0,0.0,0.0,-0.1395188719034195
47.72129132400005,47.8,0.02063918113708496,124.694552,0.0,0.0,0.0,118.0971605100571,0.0,0.0,0.0,-0.13453027606010437
47.7767777830004,47.85,0.01945805549621582,124.694552,0.0,0.0,0.0,118.17369958331929,0.0,0.0,0.0,-0.13896605372428894
47.823736757000006,47.9,0.025479555130004883,124.694552,0.0,0.0,0.0,118.17369958331929,0.0,0.0,0.0,-0.13323915004730225
47.8811376069998,47.95,0.021983861923217773,124.694552,0.0,0.0,0.0,118.24868630169784,0.0,0.0,0.0,-0.13705070316791534
47.928013341000224,48.0,0.018545866012573242,124.694552,0.0,0.0,0.0,118.24868630169784,0.0,0.0,0.0,-0.12961061298847198
47.97339905100034,48.05,0.015890121459960938,124.694552,0.0,0.0,0.0,118.32235092219338,0.0,0.0,0.0,-0.13526634871959686
48.02122620600039,48.1,0.012828350067138672,124.694552,0.0,0.0,0.0,118.32235092219338,0.0,0.0,0.0,-0.12365821748971939
48.065428941999926,48.15,0.015295743942260742,124.694552,0.0,0.0,0.0,118.39460223304265,0.0,0.0,0.0,-0.13584406673908234
48.121492190000026,48.2,0.01174473762512207,124.694552,0.0,0.0,0.0,118.39460223304265,0.0,0.0,0.0,-0.12570048868656158
48.167408612000145,48.25,0.013362884521484375,124.694552,0.0,0.0,0.0,118.46537314567925,0.0,0.0,0.0,-0.13149413466453552
48.217926578000515,48.3,0.012067079544067383,124.694552,0.0,0.0,0.0,118.46537314567925,0.0,0.0,0.0,-0.13340863585472107
48.36848282400024,48.35,0.007208347320556641,124.694552,0.0,0.0,0.0,118.53481650011463,0.0,0.0,0.0,-0.1310769021511078
48.376566372000525,48.4,0.004169940948486328,124.694552,0.0,0.0,0.0,118.53481650011463,0.0,0.0,0.0,-0.13467267155647278
48.381095949000155,48.45,0.010944604873657227,124.694552,0.0,0.0,0.0,118.60312395623448,0.0,0.0,0.0,-0.13234010338783264
48.414989056000195,48.5,0.011861324310302734,124.694552,0.0,0.0,0.0,118.60312395623448,0.0,0.0,0.0,-0.1371522694826126
48.468054494999706,48.55,0.011737585067749023,124.694552,0.0,0.0,0.0,118.67033994092634,0.0,0.0,0.0,-0.12714646756649017
48.51626645600027,48.6,0.01297903060913086,124.694552,0.0,0.0,0.0,118.67033994092634,0.0,0.0,0.0,-0.12640133500099182
48.5682607939998,48.65,0.01599884033203125,124.694552,0.0,0.0,0.0,118.73596976022688,0.0,0.0,0.0,-0.1344301849603653
48.62162909400013,48.7,0.014295578002929688,124.694552,0.0,0.0,0.0,118.73596976022688,0.0,0.0,0.0,-0.1345558911561966
48.6694642399998,48.75,0.013552427291870117,124.694552,0.0,0.0,0.0,118.8006727217522,0.0,0.0,0.0,-0.13549228012561798
48.718580607999684,48.8,0.011195182800292969,124.694552,0.0,0.0,0.0,118.8006727217522,0.0,0.0,0.0,-0.13706354796886444
48.76579179100008,48.85,0.012704133987426758,124.69457882,0.0,0.000536400000000146,0.01072800000000292,118.86451005169728,0.0,0.0,0.0,-0.13959261775016785
48.8172677929997,48.9,0.014168024063110352,124.69480232000001,0.0,0.00447000000000024,0.07867200000000188,118.86451005169728,0.0,0.0,0.0,-0.1360960155725479
48.86931165900023,48.95,0.013217449188232422,124.69524932,0.0,0.00894000000000011,0.08939999999999737,118.92748398308773,0.0,0.0,0.0,-0.13873109221458435
48.91792958499991,49.0,0.01210165023803711,124.69591982,0.0,0.0134100000000002,0.0894000000000018,118.92748398308773,0.0,0.0,0.0,-0.1406954824924469
48.96813736900003,49.05,0.011049509048461914,124.69681382,0.0,0.0178800000000001,0.08939999999999802,118.98977157692862,0.0,0.0,0.0,-0.14248250424861908
49.014298160999715,49.1,0.013640403747558594,124.69793132000001,0.0,0.0223500000000002,0.08940000000000198,118.98977157692862,0.0,0.0,0.0,-0.13458013534545898
49.06867322499966,49.15,0.013132095336914062,124.69927232,0.0,0.0268200000000002,0.08940000000000003,119.05092773850528,0.0,0.0,0.0,-0.144485741853714
49.1174564920002,49.2,0.01217794418334961,124.70083682,0.0,0.0312900000000001,0.08939999999999802,119.05092773850528,0.0,0.0,0.0,-0.13891831040382385
49.16820803199971,49.25,0.011266708374023438,124.70262482000001,0.0,0.0357600000000002,0.08940000000000198,119.11118341482872,0.0,0.0,0.0,-0.13829615712165833
49.21685317900028,49.3,0.011855125427246094,124.70463632,0.0,0.04023,0.08939999999999601,119.11118341482872,0.0,0.0,0.0,-0.14263789355754852
49.36837706300048,49.35,0.006968021392822266,124.70687132,0.0,0.0447000000000002,0.08940000000000392,119.17034830973454,0.0,0.0,0.0,-0.13703478872776031
49.376182818000416,49.4,0.004213571548461914,124.70932982000001,0.0,0.0491700000000001,0.08939999999999809,119.17034830973454,0.0,0.0,0.0,-0.1378428190946579
49.380732585999795,49.45,0.008036136627197266,124.71253034,0.0,0.0640104000000004,0.2968080000000059,119.22843495207226,0.0,0.0,0.0,-0.14224934577941895
49.41216621199965,49.5,0.01267862319946289,124.71975684,0.0,0.144530000000002,1.6103920000000318,119.22843495207226,0.0,0.0,0.0,-0.1430056095123291
49.46766615999968,49.55,0.01047825813293457,124.73152784,0.0,0.23542,1.81779999999996,119.28526112477518,0.0,0.0,0.0,-0.14247430860996246
49.51431309200052,49.6,0.015157699584960938,124.74784334,0.0,0.326310000000002,1.8178000000000398,119.28526112477518,0.0,0.0,0.0,-0.1425071805715561
49.57024415900014,49.65,0.011512517929077148,124.76870334,0.0,0.417200000000002,1.8178000000000005,119.34088933626218,0.0,0.0,0.0,-0.13582126796245575
49.6164113750001,49.7,0.01275777816772461,124.79410784,0.0,0.508089999999999,1.8177999999999406,119.34088933626218,0.0,0.0,0.0,-0.13580940663814545
49.667456078000214,49.75,0.012954473495483398,124.82405684,0.0,0.598980000000001,1.8178000000000383,119.39534168859738,0.0,0.0,0.0,-0.13864345848560333
49.717966129999695,49.8,0.011516809463500977,124.85855034,0.0,0.689869999999999,1.8177999999999606,119.39534168859738,0.0,0.0,0.0,-0.13953900337219238
49.76576832899991,49.85,0.012299060821533203,124.89758834,0.0,0.780760000000001,1.8178000000000405,119.44857862299786,0.0,0.0,0.0,-0.14552317559719086
49.816904041999805,49.9,0.010857343673706055,124.94117084,0.0,0.871650000000001,1.8178000000000005,119.44857862299786,0.0,0.0,0.0,-0.14000104367733002
49.86614566699973,49.95,0.012639999389648438,124.98929783999999,0.0,0.962539999999998,1.8177999999999384,119.50063610149964,0.0,0.0,0.0,-0.15583617985248566
49.917250649999914,50.0,0.012274980545043945,125.04196934,0.0,1.05343,1.8178000000000427,119.50063610149964,0.0,0.0,0.0,-0.14362598955631256
49.96819136100021,50.05,0.01087641716003418,125.09920321999999,0.0,1.1446776,1.8249519999999997,119.55181219227906,0.0,0.0,0.0,-0.14705759286880493
50.01435069600029,50.1,0.013600587844848633,125.16111271999999,0.0,1.23819,1.8702479999999966,119.55181219227906,0.0,0.0,0.0,-0.14643494784832
50.06974866899964,50.15,0.013040781021118164,125.22771571999999,0.0,1.33206,1.8774000000000024,119.60208631998779,0.0,0.0,0.0,-0.10890550166368484
50.117563318000066,50.2,0.013404369354248047,125.29901222,0.0,1.42593,1.877399999999998,119.60208631998779,0.0,0.0,0.0,-0.019944705069065094
50.16893009700016,50.25,0.013018608093261719,125.37500222,0.0,1.5198,1.8774000000000024,119.65166858463093,0.0,0.0,0.0,-0.003662299597635865
50.21773847199984,50.3,0.012025833129882812,125.45568572,0.0,1.61367,1.877399999999998,119.65166858463093,0.0,0.0,0.0,-0.004466009791940451
50.26488581400008,50.35,0.01141214370727539,125.54106272,0.0,1.70754,1.8774000000000024,119.70031960694484,0.0,0.0,0.0,-0.008465676568448544
50.41755955700046,50.4,0.008256196975708008,125.63113322,0.0,1.80141,1.877399999999998,119.70031960694484,0.0,0.0,0.0,-0.004671757575124502
50.428235971000504,50.45,0.004426240921020508,125.72589722,0.0,1.89528,1.8774000000000024,119.74832025374525,0.0,0.0,0.0,-0.007725802715867758
50.433062547999725,50.5,0.010205984115600586,125.82535471999999,0.0,1.98915,1.877399999999998,119.74832025374525,0.0,0.0,0.0,-0.013218510895967484
50.463709876000394,50.55,0.012639999389648438,125.92950572,0.0,2.08302,1.877399999999998,119.79583033577816,0.0,0.0,0.0,-0.01349009107798338
50.51729959400018,50.6,0.01243448257446289,126.03835022,0.0,2.17689,1.8774000000000068,119.79583033577816,0.0,0.0,0.0,-0.016840767115354538
50.566578027000105,50.65,0.015243053436279297,126.1519061,0.0,2.2711176,1.8845519999999993,119.84330734621214,0.0,0.0,0.0,-0.013216218911111355
50.61999853100042,50.7,0.012396574020385742,126.2702866,0.0,2.36761,1.9298479999999962,119.84330734621214,0.0,0.0,0.0,-0.014488867484033108
50.66658087900032,50.75,0.011766672134399414,126.3935096,0.0,2.46446,1.9369999999999976,119.8913181421413,0.0,0.0,0.0,-0.7514451146125793
50.71636265300003,50.8,0.010926961898803711,126.5215751,0.0,2.56131,1.9370000000000065,119.8913181421413,0.0,0.0,0.0,0.7332884669303894
50.765308031999666,50.85,0.011943340301513672,126.65448310000001,0.0,2.65816,1.9369999999999976,119.94023165634935,0.0,0.0,0.0,1.056300163269043
50.81646459100011,50.9,0.013564348220825195,126.7922336,0.0,2.75501,1.9369999999999976,119.94023165634935,0.0,0.0,0.0,1.1169739961624146
50.869510112999706,50.95,0.01125955581665039,126.93482660000001,0.0,2.85186,1.9369999999999976,119.99011934565722,0.0,0.0,0.0,1.1737580299377441
50.915981080000165,51.0,0.011118173599243164,127.08226210000001,0.0,2.94871,1.9370000000000065,119.99011934565722,0.0,0.0,0.0,1.2145805358886719
50.96626226100034,51.05,0.013065338134765625,127.2345401,0.0,3.04556,1.9369999999999976,120.0406717866,0.0,0.0,0.0,1.2131747007369995
51.01769376399989,51.1,0.011218786239624023,127.39166060000001,0.0,3.14241000000001,1.937000000000202,120.0406717866,0.0,0.0,0.0,1.1851807832717896
51.0652217679999,51.15,0.01462244987487793,127.55362360000001,0.0,3.23926000000001,1.9369999999999976,120.09266694684322,0.0,0.0,0.0,1.1719746589660645
51.11963750399991,51.2,0.010710477828979492,127.7204291,0.0,3.33611000000001,1.9369999999999976,120.09266694684322,0.0,0.0,0.0,1.1331616640090942
51.16535756899975,51.25,0.013646125793457031,127.89190724000001,0.0,3.42956280000001,1.8690560000000023,120.15172728073023,0.0,0.13,2.6,1.1659269332885742
51.218237918999876,51.3,0.010574102401733398,128.06698224000002,0.0,3.5015,1.4387439999998008,120.15172728073023,0.0,0.26,2.6,1.0633914470672607
51.26580637900042,51.35,0.011989116668701172,128.24548424000002,0.0,3.57004000000001,1.3708000000001963,120.2243129260484,0.0,0.39,2.6,1.1268991231918335
51.31669225099995,51.4,0.012537479400634766,128.42741324000002,0.0,3.63858000000001,1.370800000000001,120.2243129260484,0.0,0.52,2.6,1.1022812128067017
51.46817496499989,51.45,0.009604215621948242,128.61276924000003,0.0,3.70712,1.3707999999998055,120.31486429506181,0.0,0.65,2.6,1.1171562671661377
51.47907582300013,51.5,0.009363889694213867,128.80155224000003,0.0,3.77566000000001,1.3708000000001963,120.31486429506181,0.0,0.78,2.6,1.2621119022369385
51.48911671299993,51.55,0.009480714797973633,128.99376224000002,0.0,3.8442,1.3707999999997966,120.31486429506181,0.0,0.91,2.6,1.1291460990905762
51.51259014599964,51.6,0.013413429260253906,129.18939924000003,0.0,3.91274000000001,1.3708000000002052,120.42454690219996,0.0,1.04,2.6,1.0068941116333008
51.56930753600045,51.65,0.013705015182495117,129.38846324000002,0.0,3.98128000000001,1.370800000000001,120.55407965676133,0.0,1.17,2.599999999999998,0.9834915399551392
51.618421267000485,51.7,0.015782833099365234,129.59095424000003,0.0,4.04982,1.3707999999998055,120.55407965676133,0.0,1.2999999999999998,2.599999999999998,0.8075559735298157
51.67130274600004,51.75,0.010254144668579102,129.79687224000003,0.0,4.11836,1.370799999999992,120.70537984761307,0.0,1.4299999999999997,2.599999999999998,1.0353939533233643
51.71413350500006,51.8,0.011936187744140625,130.00621724000004,0.0,4.1869,1.370799999999992,120.70537984761307,0.0,1.5599999999999996,2.599999999999998,1.018913745880127
51.76659395099978,51.85,0.010680437088012695,130.21897136000004,0.0,4.2550824,1.3636480000000084,120.87820385763267,0.0,1.6899999999999995,2.599999999999998,1.1040873527526855
51.8139173669997,51.9,0.010543107986450195,130.43502136000004,0.0,4.32100000000001,1.318352000000207,120.87820385763267,0.0,1.8199999999999994,2.599999999999998,1.08744215965271
51.865625282999645,51.95,0.012731313705444336,130.65434936000003,0.0,4.38656,1.311199999999797,121.07134804252672,0.0,1.9499999999999993,2.599999999999998,1.2147001028060913
51.91851689000032,52.0,0.010726690292358398,130.87695536000004,0.0,4.45212,1.3111999999999924,121.07134804252672,0.0,2.0603785514831543,2.2075710296631,1.2478868961334229
51.96466394199979,52.05,0.012521028518676758,131.10283936000005,0.0,4.51768,1.3112000000000101,121.28334584775502,0.0,2.190378551483154,2.599999999999998,1.3749181032180786
52.01724491500045,52.1,0.011018037796020508,131.33200136000005,0.0,4.58324,1.3111999999999924,121.28334584775502,0.0,2.2348194122314453,0.8888172149658224,1.3987500667572021
52.06394245200045,52.15,0.010961771011352539,131.56444136000005,0.0,4.6488,1.3111999999999924,121.51170972076967,0.0,2.364819412231445,2.599999999999998,1.4576512575149536
52.11569829000018,52.2,0.014572620391845703,131.80015936000004,0.0,4.71436,1.3112000000000101,121.51170972076967,0.0,2.3927505016326904,0.5586217880249045,1.4647525548934937
52.17001535899999,52.25,0.01323699951171875,132.03915536000002,0.0,4.77992,1.3111999999999924,121.75400638621579,0.0,2.5206730365753174,2.558450698852539,1.593024492263794
52.21678458899987,52.3,0.013385534286499023,132.28142936000003,0.0,4.84548,1.3112000000000101,121.75400638621579,0.0,2.5206730365753174,0.0,1.5760564804077148
52.26862777400038,52.35,0.01175832748413086,132.52698136000004,0.0,4.91104,1.3111999999999924,122.00874128165228,0.0,2.6461398601531982,2.509336471557617,1.6671993732452393
52.31629803499982,52.4,0.012905597686767578,132.77581136000003,0.0,4.9766,1.3112000000000101,122.00874128165228,0.0,2.6461398601531982,0.0,1.6883853673934937
52.36556275899966,52.45,0.012324333190917969,133.02812498000003,0.0,5.0462724,1.3934479999999994,122.27557305297725,0.0,2.763622999191284,2.3496627807617188,1.7881585359573364
52.5184241019997,52.5,0.01278376579284668,133.28522448000004,0.0,5.14199,1.9143519999999903,122.27557305297725,0.0,2.763622999191284,0.0,1.8819843530654907
52.532040555000094,52.55,0.010291814804077148,133.54731548000004,0.0,5.24182,1.9965999999999973,122.27557305297725,0.0,2.763622999191284,0.0,1.778760552406311
52.54360747999999,52.6,0.015257596969604492,133.81439798000002,0.0,5.34165,1.9965999999999973,122.5533505727489,0.0,2.872803211212158,2.1836042404174805,1.029494285583496
52.57000615800007,52.65,0.012439250946044922,134.08647198000003,0.0,5.44148,1.996600000000015,122.84028787139465,0.0,2.9780614376068115,2.1051645278930664,0.9690199494361877
52.61824503600019,52.7,0.012696981430053711,134.36353748000002,0.0,5.54131,1.9965999999999973,122.84028787139465,0.0,2.9780614376068115,0.0,0.9068479537963867
52.667159927000284,52.75,0.01212000846862793,134.64559448000003,0.0,5.64114,1.9965999999999973,123.1377762108282,0.0,3.0911495685577393,2.2617626190185547,0.9034695625305176
52.71590619299968,52.8,0.011055707931518555,134.93264298000003,0.0,5.74097,1.9965999999999973,123.1377762108282,0.0,3.0911495685577393,0.0,0.9462002515792847
52.76389545100028,52.85,0.01553797721862793,135.22468298,0.0,5.8408,1.9965999999999973,123.44648573780479,0.0,3.1992478370666504,2.1619653701782227,1.1044765710830688
52.82062984100048,52.9,0.012571573257446289,135.51936298,0.0,5.8936,1.056000000000008,123.44648573780479,0.0,3.1992478370666504,0.0,1.08307683467865
52.868586823999976,52.95,0.011146068572998047,135.81404298,0.0,5.8936,0.0,123.7655261162,0.0,3.305605173110962,2.1271467208862305,1.1223794221878052
52.91555799700018,53.0,0.013454675674438477,136.10872298,0.0,5.8936,0.0,123.7655261162,0.0,3.305605173110962,0.0,1.1396434307098389
52.96967892399971,53.05,0.015258073806762695,136.40340298,0.0,5.8936,0.0,124.09529074428293,0.0,3.412980794906616,2.147512435913086,1.2066928148269653
53.019817833999696,53.1,0.013090372085571289,136.69808298,0.0,5.8936,0.0,124.09529074428293,0.0,3.412980794906616,0.0,1.2197203636169434
53.06848110700048,53.15,0.01279759407043457,136.99276298,0.0,5.8936,0.0,124.4345715606073,0.0,3.502936363220215,1.7991113662719727,1.2442846298217773
53.11745411500033,53.2,0.011752605438232422,137.28744298,0.0,5.8936,0.0,124.4345715606073,0.0,3.502936363220215,0.0,1.1492502689361572
53.16561239099974,53.25,0.012984037399291992,137.58212298,0.0,5.8936,0.0,124.78223899104701,0.0,3.5836734771728516,1.6147422790527344,1.1692752838134766
53.21850017300039,53.3,0.012125492095947266,137.87680298,0.0,5.8936,0.0,124.78223899104701,0.0,3.5836734771728516,0.0,1.2054098844528198
53.26482797500012,53.35,0.013740062713623047,138.17148298,0.0,5.8936,0.0,125.13903839891975,0.0,3.685059070587158,2.027711868286133,1.2325800657272339
53.320061933000034,53.4,0.012242317199707031,138.46616298,0.0,5.8936,0.0,125.13903839891975,0.0,3.685059070587158,0.0,1.2475875616073608
53.367478705000394,53.45,0.012768745422363281,138.76084298,0.0,5.8936,0.0,125.50462475187952,0.0,3.7597906589508057,1.4946317672729492,1.2946983575820923
53.41737284099963,53.5,0.012836933135986328,139.05552298,0.0,5.8936,0.0,125.50462475187952,0.0,3.7597906589508057,0.0,1.3432536125183105
53.569039255999996,53.55,0.00695347785949707,139.35020298,0.0,5.8936,0.0,125.8781052145517,0.0,3.846395969390869,1.7321062088012695,1.3301112651824951
53.57686288900004,53.6,0.004236459732055664,139.64488298,0.0,5.8936,0.0,125.8781052145517,0.0,3.846395969390869,0.0,1.3470441102981567
53.58143311300046,53.65,0.010550498962402344,139.93956298,0.0,5.8936,0.0,126.25900290827984,0.0,3.930021286010742,1.672506332397461,1.3767153024673462
53.61474242500026,53.7,0.012573719024658203,140.23424298,0.0,5.8936,0.0,126.25900290827984,0.0,3.930021286010742,0.0,1.375820279121399
53.668678883999746,53.75,0.011831283569335938,140.52892298,0.0,5.8936,0.0,126.64812920375073,0.0,4.020872116088867,1.8170166015625,1.3519490957260132
53.71578550100003,53.8,0.013921737670898438,140.82360298,0.0,5.8936,0.0,126.64812920375073,0.0,4.020872116088867,0.0,1.3229738473892212
53.77038345799974,53.85,0.011648893356323242,141.11828298,0.0,5.8936,0.0,127.04750720590854,0.0,4.128864765167236,2.159852981567383,1.9856867790222168
53.81646521099992,53.9,0.01296377182006836,141.41296298,0.0,5.8936,0.0,127.04750720590854,0.0,4.128864765167236,0.0,1.957512617111206
53.8671989860004,53.95,0.011934757232666016,141.70764298,0.0,5.8936,0.0,127.45621729393714,0.0,4.216065883636475,1.7440223693847656,1.9616330862045288
53.91653871699964,54.0,0.011997461318969727,142.00232298,0.0,5.8936,0.0,127.45621729393714,0.0,4.216065883636475,0.0,1.9358850717544556
53.964962955000374,54.05,0.013074874877929688,142.29700298,0.0,5.8936,0.0,127.87500744450062,0.0,4.33228874206543,2.3244571685791016,1.9352103471755981
54.01781817400024,54.1,0.014339447021484375,142.59168298,0.0,5.8936,0.0,127.87500744450062,0.0,4.33228874206543,0.0,1.9087642431259155
54.06964434800011,54.15,0.012481689453125,142.88636298,0.0,5.8936,0.0,128.30494226752126,0.0,4.457374572753906,2.5017166137695312,1.892451524734497
54.11593033100053,54.2,0.012350320816040039,143.18104298,0.0,5.8936,0.0,128.30494226752126,0.0,4.457374572753906,0.0,1.0969727039337158
54.16792979000002,54.25,0.008981466293334961,143.47572298,0.0,5.8936,0.0,128.7483931438813,0.0,4.587374572753906,2.599999999999998,-1.7815345525741577
54.212027605,54.3,0.011187553405761719,143.77040298,0.0,5.8936,0.0,128.7483931438813,0.0,4.611826419830322,0.48903694152832244,-1.8400328159332275
54.26619177500015,54.35,0.011348724365234375,144.06508298,0.0,5.8936,0.0,131.0536823010725,0.0,4.741826419830322,2.599999999999998,-1.8488948345184326
54.31602774200019,54.4,0.013654708862304688,144.35976298,0.0,5.8936,0.0,131.0536823010725,0.0,4.790885925292969,0.9811901092529318,-1.8676668405532837
54.36862768999981,54.45,0.011834859848022461,144.65444298,0.0,5.8936,0.0,131.53979664935895,0.0,4.920885925292969,2.599999999999998,-1.8638370037078857
54.41646339700037,54.5,0.012423992156982422,144.94912298,0.0,5.8936,0.0,131.53979664935895,0.0,4.965181827545166,0.8859180450439474,-1.8461158275604248
54.56878022700039,54.55,0.007119417190551758,145.24380298,0.0,5.8936,0.0,131.53979664935895,0.0,4.965181827545166,0.0,-1.8676437139511108
54.57672608200028,54.6,0.0048370361328125,145.53848298,0.0,5.8936,0.0,132.04191204219714,0.0,5.095181827545166,2.599999999999998,-1.8855624198913574
54.581910275000155,54.65,0.009236335754394531,145.83316298,0.0,5.8936,0.0,132.5581232677811,0.0,5.2169479999999995,2.4353234490966713,-1.8733876943588257
54.612344021000354,54.7,0.011421442031860352,146.12784298,0.0,5.8936,0.0,132.5581232677811,0.0,5.2169479999999995,0.0,-1.8525686264038086
54.66557785799978,54.75,0.010102033615112305,146.42252298,0.0,5.8936,0.0,133.08467269192028,0.0,5.2169479999999995,0.0,-1.8774809837341309
54.71319431200027,54.8,0.014809846878051758,146.71720298,0.0,5.8936,0.0,133.08467269192028,0.0,5.2169479999999995,0.0,-1.875955581665039
54.76953861600032,54.85,0.011594533920288086,147.01188298,0.0,5.8936,0.0,133.6172143849615,0.0,5.2169479999999995,0.0,-1.8358229398727417
54.81622623699968,54.9,0.011679410934448242,147.30656298,0.0,5.8936,0.0,133.6172143849615,0.0,5.2169479999999995,0.0,-1.8359688520431519
54.86455221200049,54.95,0.01201629638671875,147.60124298,0.0,5.8936,0.0,134.15245933336013,0.0,5.2169479999999995,0.0,-1.8569140434265137
54.91536443400037,55.0,0.011811971664428711,147.89592298,0.0,5.8936,0.0,134.15245933336013,0.0,5.2169479999999995,0.0,-1.776724934577942
54.96427422299985,55.05,0.0124969482421875,148.19060298,0.0,5.8936,0.0,134.6893531935229,0.0,5.2169479999999995,0.0,-1.6944206953048706
55.017150503000266,55.1,0.011068344116210938,148.48528298,0.0,5.8936,0.0,134.6893531935229,0.0,5.2169479999999995,0.0,-1.6846809387207031
55.06549363199974,55.15,0.013041257858276367,148.77996298,0.0,5.8936,0.0,135.22088526244747,0.0,5.2169479999999995,0.0,-1.644213080406189
55.11704443000053,55.2,0.011678457260131836,149.07464298,0.0,5.8936,0.0,135.22088526244747,0.0,5.2169479999999995,0.0,-1.5407662391662598
55.16489125299995,55.25,0.011665105819702148,149.36932298,0.0,5.8936,0.0,135.73739919906674,0.0,5.0930609703063965,-2.47774059387206,-1.5429638624191284
55.21420073399986,55.3,0.012117385864257812,149.66400298,0.0,5.8936,0.0,135.73739919906674,0.0,5.0930609703063965,0.0,-1.4630252122879028
55.26569139200001,55.35,0.011352062225341797,149.95868298,0.0,5.8936,0.0,136.23177435178354,0.0,4.868060970306397,-4.499999999999993,-1.4456989765167236
55.313063440000406,55.4,0.014033794403076172,150.25336298,0.0,5.8936,0.0,136.23177435178354,0.0,4.8309407234191895,-0.7424049377441477,-1.4003853797912598
55.36912767500053,55.45,0.011139869689941406,150.54804298,0.0,5.8936,0.0,136.69931309640072,0.0,4.60594072341919,-4.499999999999993,-1.4329813718795776
55.414230391000274,55.5,0.011879205703735352,150.84272298,0.0,5.8936,0.0,136.69931309640072,0.0,4.5709919929504395,-0.6989746093750071,-1.4249894618988037
55.46477834000052,55.55,0.011914968490600586,151.13740298,0.0,5.8936,0.0,137.1439317525329,0.0,4.372031211853027,-3.979215621948242,-1.3708101511001587
55.61844614399979,55.6,0.009050369262695312,151.43208298,0.0,5.8936,0.0,137.1439317525329,0.0,4.372031211853027,0.0,-1.3104878664016724
55.628995906000455,55.65,0.008977890014648438,151.72676298,0.0,5.8936,0.0,137.56931222375175,0.0,4.182966709136963,-3.781290054321289,-1.3590545654296875
55.638547907999964,55.7,0.009515047073364258,152.02144298,0.0,5.8936,0.0,137.56931222375175,0.0,4.182966709136963,0.0,-1.3283876180648804
55.66109035000045,55.75,0.02032637596130371,152.31612298,0.0,5.8936,0.0,137.97741170076645,0.0,4.015247821807861,-3.3543777465820312,-1.326677918434143
55.72576896100054,55.8,0.014625310897827148,152.61080298,0.0,5.8936,0.0,137.97741170076645,0.0,4.015247821807861,0.0,-1.2801755666732788
55.768692929999816,55.85,0.016890525817871094,152.90548298,0.0,5.8936,0.0,138.3688527674956,0.0,3.8499562740325928,-3.305830955505371,-1.27463960647583
55.8229887360003,55.9,0.012336254119873047,153.20016298,0.0,5.8936,0.0,138.3688527674956,0.0,3.8499562740325928,0.0,-1.2285046577453613
55.8672473659999,55.95,0.01415562629699707,153.49484298,0.0,5.8936,0.0,138.74326233875516,0.0,3.67710280418396,-3.4570693969726562,-1.229832410812378
55.91886129500017,56.0,0.01362156867980957,153.78952298,0.0,5.8936,0.0,138.74326233875516,0.0,3.67710280418396,0.0,-1.1806479692459106
55.9688845820001,56.05,0.015460014343261719,154.08420298,0.0,5.8936,0.0,139.10178965928134,0.0,3.531747341156006,-2.907109260559082,-1.1863906383514404
56.02024512200023,56.1,0.012781143188476562,154.37888298,0.0,5.8936,0.0,139.10178965928134,0.0,3.531747341156006,0.0,-1.1337794065475464
56.06840532099977,56.15,0.01534271240234375,154.67356297999999,0.0,5.8936,0.0,139.44440442273066,0.0,3.3655974864959717,-3.3229970932006836,-1.1517881155014038
56.12042067099992,56.2,0.012046337127685547,154.96824297999999,0.0,5.8936,0.0,139.44440442273066,0.0,3.3655974864959717,0.0,-1.1091521978378296
56.16626773400003,56.25,0.013488292694091797,155.26292297999998,0.0,5.8936,0.0,139.77034738471946,0.0,3.2125675678253174,-3.060598373413086,-1.1121183633804321
56.219672676999835,56.3,0.012088775634765625,155.55760297999998,0.0,5.8936,0.0,139.77034738471946,0.0,3.2125675678253174,0.0,-1.0641272068023682
56.26482045600005,56.35,0.013613462448120117,155.85228297999998,0.0,5.8936,0.0,140.08236852875785,0.0,3.07102108001709,-2.830929756164551,-1.0666693449020386
56.319468239000344,56.4,0.012908935546875,156.14696297999998,0.0,5.8936,0.0,140.08236852875785,0.0,3.07102108001709,0.0,-1.0208662748336792
56.36811717399996,56.45,0.013747930526733398,156.44164297999998,0.0,5.8936,0.0,140.37968376630855,0.0,2.9201815128326416,-3.016791343688965,-1.0473560094833374
56.417704366999715,56.5,0.012520551681518555,156.73632297999998,0.0,5.8936,0.0,140.37968376630855,0.0,2.9201815128326416,0.0,-1.0317363739013672
56.46754633500041,56.55,0.012105703353881836,157.03100297999998,0.0,5.8936,0.0,140.66175752085056,0.0,2.7797389030456543,-2.808852195739746,-1.000563383102417
56.516721166000025,56.6,0.012690067291259766,157.32568297999998,0.0,5.8936,0.0,140.66175752085056,0.0,2.7797389030456543,0.0,-0.9717984795570374
56.66872303400032,56.65,0.009306907653808594,157.62036297999998,0.0,5.8936,0.0,140.93108403969114,0.0,2.660205364227295,-2.3906707763671875,-0.9701921343803406
56.67902012900049,56.7,0.004935741424560547,157.91504297999998,0.0,5.8936,0.0,140.93108403969114,0.0,2.660205364227295,0.0,-0.9303832650184631
56.684450863000166,56.75,0.00945425033569336,158.20972297999998,0.0,5.8936,0.0,141.18871474150902,0.0,2.5429604053497314,-2.3448991775512695,-0.9323802590370178
56.71255412299979,56.8,0.014706850051879883,158.50440297999998,0.0,5.8936,0.0,141.18871474150902,0.0,2.5429604053497314,0.0,-0.8895962238311768
56.76965732100052,56.85,0.010475397109985352,158.79908297999998,0.0,5.8936,0.0,141.43408296816122,0.0,2.41282057762146,-2.6027965545654297,-0.904448926448822
56.8141728139999,56.9,0.014232397079467773,159.09376297999998,0.0,5.8936,0.0,141.43408296816122,0.0,2.41282057762146,0.0,-0.8857682943344116
56.86985619100051,56.95,0.012408971786499023,159.38844297999998,0.0,5.8936,0.0,141.66736143056556,0.0,2.3051037788391113,-2.1543359756469727,-0.8526199460029602
56.91754760100048,57.0,0.012678146362304688,159.68312297999998,0.0,5.8936,0.0,141.66736143056556,0.0,2.3051037788391113,0.0,-0.825626015663147
56.967066791000434,57.05,0.012106895446777344,159.97780297999998,0.0,5.8936,0.0,141.89007009756668,0.0,2.1862850189208984,-2.376375198364258,-0.8291797041893005
57.01677207600005,57.1,0.014029979705810547,160.27248297999998,0.0,5.8936,0.0,141.89007009756668,0.0,2.1862850189208984,0.0,-0.7754180431365967
57.06991488499989,57.15,0.01256251335144043,160.56716297999998,0.0,5.8936,0.0,142.09995216853443,0.0,2.0607569217681885,-2.510561943054199,-0.8087140321731567
57.11823113900027,57.2,0.012894392013549805,160.86184297999998,0.0,5.8936,0.0,142.09995216853443,0.0,2.0607569217681885,0.0,-0.7729101777076721
57.16847452300044,57.25,0.012360095977783203,161.15652297999998,0.0,5.8936,0.0,142.29749998059043,0.0,1.941590428352356,-2.3833298683166504,-0.7471665143966675
57.21657008300008,57.3,0.013766288757324219,161.45120297999998,0.0,5.8936,0.0,142.29749998059043,0.0,1.941590428352356,0.0,-0.7234063148498535
57.26930103399991,57.35,0.007937908172607422,161.74588297999998,0.0,5.8936,0.0,142.48502506198272,0.0,1.84103262424469,-2.0111560821533203,-0.7265246510505676
57.31316681200042,57.4,0.011364936828613281,162.04056297999998,0.0,5.8936,0.0,142.48502506198272,0.0,1.84103262424469,0.0,-0.6611641049385071
57.366871625000385,57.45,0.012257099151611328,162.33524297999998,0.0,5.8936,0.0,142.66050654344107,0.0,1.70595383644104,-2.701575756072998,-0.6848717331886292
57.41679206800018,57.5,0.012631654739379883,162.62992297999998,0.0,5.8936,0.0,142.66050654344107,0.0,1.70595383644104,0.0,-0.6766601204872131
57.46534662900012,57.55,0.013268470764160156,162.92460297999997,0.0,5.8936,0.0,142.82142906893756,0.0,1.5628339052200317,-2.862398624420166,-0.659220278263092
57.517880235999655,57.6,0.012176275253295898,163.21928297999997,0.0,5.8936,0.0,142.82142906893756,0.0,1.5628339052200317,0.0,-0.6320810914039612
57.56581718600046,57.65,0.010425329208374023,163.51396297999997,0.0,5.8936,0.0,142.97094294763565,0.0,1.4693851470947266,-1.8689751625061035,-0.6527000665664673
57.71547052799997,57.7,0.007947444915771484,163.80864297999997,0.0,5.8936,0.0,142.97094294763565,0.0,1.4693851470947266,0.0,-0.6200087070465088
57.72420579400023,57.75,0.004620075225830078,164.10332297999997,0.0,5.8936,0.0,143.11269706328872,0.0,1.4032396078109741,-1.3229107856750488,-0.6202642917633057
57.72923376699964,57.8,0.014600515365600586,164.39800297999997,0.0,5.8936,0.0,143.11269706328872,0.0,1.4032396078109741,0.0,-0.607276439666748
57.768915992000075,57.85,0.012084484100341797,164.69268297999997,0.0,5.8936,0.0,143.24760568075132,0.0,1.330011010169983,-1.4645719528198242,-0.5949857831001282
57.81818600099996,57.9,0.012151002883911133,164.98736297999997,0.0,5.8936,0.0,143.24760568075132,0.0,1.330011010169983,0.0,-0.5848786234855652
57.865068359999896,57.95,0.013470888137817383,165.28204297999997,0.0,5.8936,0.0,143.37616071426584,0.0,1.271227478981018,-1.1756706237792969,-0.5859402418136597
57.91764980800053,58.0,0.012814044952392578,165.57672297999997,0.0,5.8936,0.0,143.37616071426584,0.0,1.271227478981018,0.0,-0.559333860874176
57.96723619699969,58.05,0.01089787483215332,165.87140297999997,0.0,5.8936,0.0,143.49877852365563,0.0,1.2093913555145264,-1.236722469329834,-0.5533183813095093
58.013888542999666,58.1,0.010405540466308594,166.16608297999997,0.0,5.8936,0.0,143.49877852365563,0.0,1.2093913555145264,0.0,-0.5300238728523254
58.0650042770003,58.15,0.012984991073608398,166.46076297999997,0.0,5.8936,0.0,143.6145761723677,0.0,1.1413239240646362,-1.3613486289978027,-0.5339786410331726
58.117809502000455,58.2,0.012956380844116211,166.75544297999997,0.0,5.8936,0.0,143.6145761723677,0.0,1.1413239240646362,0.0,-0.5084136724472046
58.16870980499971,58.25,0.0118255615234375,167.05012297999997,0.0,5.8936,0.0,143.7241332163609,0.0,1.0802507400512695,-1.221463680267334,-0.5023249387741089
58.216382968999824,58.3,0.012856245040893555,167.34480297999997,0.0,5.8936,0.0,143.7241332163609,0.0,1.0802507400512695,0.0,-0.4896230101585388
58.26569268300045,58.35,0.01217341423034668,167.63948297999997,0.0,5.8936,0.0,143.82827772361063,0.0,1.0262904167175293,-1.0792064666748047,-0.49186182022094727
58.31749003100049,58.4,0.011528968811035156,167.93416297999997,0.0,5.8936,0.0,143.82827772361063,0.0,1.0262904167175293,0.0,-0.4620974361896515
58.36442779200024,58.45,0.015292167663574219,168.22884297999997,0.0,5.8936,0.0,143.92684847141757,0.0,0.9706575870513916,-1.112656593322754,-0.46319758892059326
58.42010188899985,58.5,0.009852170944213867,168.52352297999997,0.0,5.8936,0.0,143.92684847141757,0.0,0.9706575870513916,0.0,-0.4536060392856598
58.465539247999914,58.55,0.012552261352539062,168.81820297999997,0.0,5.8936,0.0,143.92684847141757,0.0,0.9706575870513916,0.0,-0.4450865089893341
58.51668527699985,58.6,0.012182950973510742,169.11288297999997,0.0,5.8936,0.0,144.0199783495739,0.0,0.9164066910743713,-1.0850179195404053,-0.4287091791629791
58.56723904400042,58.65,0.013798952102661133,169.40756297999997,0.0,5.8936,0.0,144.10793257382485,0.0,0.8671645522117615,-0.9848427772521973,-0.42590391635894775
58.617731973000446,58.7,0.012255430221557617,169.70224297999997,0.0,5.8936,0.0,144.10793257382485,0.0,0.8671645522117615,0.0,-0.40645939111709595
58.768918382000265,58.75,0.008009195327758789,169.99692297999997,0.0,5.8936,0.0,144.19119830102167,0.0,0.8232721090316772,-0.8778488636016846,-0.4082157611846924
58.77913272299975,58.8,0.004381656646728516,170.29160297999996,0.0,5.8936,0.0,144.19119830102167,0.0,0.8232721090316772,0.0,-0.3893929421901703
58.78389240500019,58.85,0.010226011276245117,170.58628297999996,0.0,5.8936,0.0,144.27039600068693,0.0,0.782853901386261,-0.8083641529083252,-0.3844023048877716
58.81430224399992,58.9,0.01492619514465332,170.88096297999996,0.0,5.8936,0.0,144.27039600068693,0.0,0.782853901386261,0.0,-0.37671807408332825
58.86985636100053,58.95,0.01087641716003418,171.17564297999996,0.0,5.8936,0.0,144.34550474029973,0.0,0.7419501543045044,-0.8180749416351318,-0.3773348331451416
58.91495319400019,59.0,0.012855768203735352,171.47032297999996,0.0,5.8936,0.0,144.34550474029973,0.0,0.7419501543045044,0.0,-0.3590679466724396
58.96864169899982,59.05,0.011361122131347656,171.76500297999996,0.0,5.8936,0.0,144.41714942961434,0.0,0.7111783623695374,-0.6154358386993408,-0.3561311960220337
59.01582282399977,59.1,0.01297450065612793,172.05968297999996,0.0,5.8936,0.0,144.41714942961434,0.0,0.7111783623695374,0.0,-0.33556216955184937
59.06722028400054,59.15,0.011754751205444336,172.35436297999996,0.0,5.8936,0.0,144.4853370108978,0.0,0.6748359203338623,-0.726848840713501,-0.3287563920021057
59.117082222000136,59.2,0.011271476745605469,172.64904297999996,0.0,5.8936,0.0,144.4853370108978,0.0,0.6748359203338623,0.0,-0.31738516688346863
59.1643415260005,59.25,0.01568746566772461,172.94372297999996,0.0,5.8936,0.0,144.55031934396033,0.0,0.6444750428199768,-0.60721755027771,-0.3177603483200073
59.220405334000134,59.3,0.011520624160766602,173.23840297999996,0.0,5.8936,0.0,144.55031934396033,0.0,0.6444750428199768,0.0,-0.301789790391922
59.26419051500034,59.35,0.014697074890136719,173.53308297999996,0.0,5.8936,0.0,144.6121882288306,0.0,0.6143893599510193,-0.6017136573791504,-0.2971433103084564
59.31897855999978,59.4,0.012961626052856445,173.82776297999996,0.0,5.8936,0.0,144.6121882288306,0.0,0.6143893599510193,0.0,-0.28407931327819824
59.36569833700014,59.45,0.014702320098876953,174.12244297999996,0.0,5.8936,0.0,144.67137789197872,0.0,0.5896285772323608,-0.49521565437316895,-0.2843896448612213
59.4177942590004,59.5,0.01430654525756836,174.41712297999996,0.0,5.8936,0.0,144.67137789197872,0.0,0.5896285772323608,0.0,-0.2714271545410156
59.46962989599979,59.55,0.011004924774169922,174.71180297999996,0.0,5.8936,0.0,144.72812993839395,0.0,0.5660768747329712,-0.47103404998779297,-0.261129230260849
59.51562997699966,59.6,0.013169050216674805,175.00648297999996,0.0,5.8936,0.0,144.72812993839395,0.0,0.5660768747329712,0.0,-0.2470221072435379
59.56863076500031,59.65,0.013462305068969727,175.30116297999996,0.0,5.8936,0.0,144.78211586140907,0.0,0.5378403663635254,-0.564730167388916,-0.24067595601081848
59.61817362400052,59.7,0.014722347259521484,175.59584297999996,0.0,5.8936,0.0,144.78211586140907,0.0,0.5378403663635254,0.0,-0.22267687320709229
59.66839083500054,59.75,0.013554811477661133,175.89052297999996,0.0,5.8936,0.0,144.8332303641005,0.0,0.5094931125640869,-0.5669450759887695,-0.22013606131076813
59.81936478500029,59.8,0.007208585739135742,176.18520297999996,0.0,5.8936,0.0,144.8332303641005,0.0,0.5094931125640869,0.0,-0.20781180262565613
59.827442367,59.85,0.004213094711303711,176.47988297999996,0.0,5.8936,0.0,144.8813292798972,0.0,0.4756913185119629,-0.6760358810424805,-0.19661732017993927
59.83199711500038,59.9,0.012412309646606445,176.77456297999996,0.0,5.8936,0.0,144.8813292798972,0.0,0.4756913185119629,0.0,-0.18580135703086853
59.865382842000145,59.95,0.013062477111816406,177.06924297999996,0.0,5.8936,0.0,144.926379448021,0.0,0.44645997881889343,-0.5846267938613892,-0.18207065761089325
